0.36787944117144233
0.3682390495897142
0.3685990095313386
0.3689593213399357
0.36931998535946126
0.3696810019342076
0.3700423714088034
0.37040409412821435
0.3707661704377431
0.3711286006830302
0.3714913852100538
0.37185452436513033
0.3722180184949147
0.37258186794640086
0.3729460730669217
0.37331063420414984
0.3736755517060976
0.3740408259211176
0.374406457197903
0.3747724458854877
0.37513879233324676
0.37550549689089696
0.37587255990849683
0.376239981736447
0.37660776272549074
0.3769759032267141
0.3773444035915464
0.37771326417176043
0.3780824853194728
0.37845206738714443
0.3788220107275808
0.37919231569393214
0.37956298263969385
0.379934011918707
0.3803054038851586
0.3806771588935818
0.3810492772988562
0.38142175945620843
0.38179460572121243
0.3821678164497896
0.3825413919982092
0.3829153327230889
0.38328963898139495
0.3836643111304425
0.38403934952789587
0.3844147545317692
0.38479052650042656
0.3851666657925822
0.385543172767301
0.3859200477839991
0.3862972912024437
0.3866749033827539
0.38705288468540056
0.38743123547120706
0.3878099561013496
0.38818904693735723
0.38856850834111245
0.3889483406748516
0.3893285443011651
0.3897091195829977
0.390090066883649
0.3904713865667737
0.39085307899638216
0.3912351445368403
0.3916175835528702
0.3920003964095508
0.39238358347231767
0.3927671451069636
0.39315108167963886
0.3935353935568519
0.39392008110546933
0.3943051446927163
0.3946905846861769
0.39507640145379463
0.3954625953638728
0.3958491667850744
0.39623611608642306
0.396623443637303
0.3970111498074597
0.39739923496699986
0.3977876994863921
0.39817654373646705
0.39856576808841804
0.39895537291380107
0.3993453585845353
0.3997357254729037
0.400126473951553
0.40051760439349404
0.4009091171721026
0.40130101266111917
0.4016932912346498
0.40208595326716606
0.4024789991335056
0.4028724292088726
0.4032662438688379
0.40366044348933955
0.40405502844668284
0.40444999911754126
0.40484535587895637
0.40524109910833817
0.4056372291834656
0.4060337464824872
0.4064306513839207
0.40682794426665425
0.40722562550994595
0.40762369549342503
0.4080221545970916
0.4084210032013173
0.40882024168684544
0.40921987043479174
0.4096198898266444
0.4100203002442644
0.4104211020698861
0.41082229568611744
0.4112238814759406
0.4116258598227117
0.412028231110162
0.41243099572239766
0.41283415404390034
0.4132377064595276
0.41364165335451314
0.41404599511446716
0.4144507321253771
0.4148558647736073
0.4152613934459
0.41566731852937555
0.4160736404115326
0.41648035948024864
0.41688747612378024
0.41729499073076354
0.41770290369021473
0.41811121539152996
0.41851992622448625
0.4189290365792416
0.4193385468463354
0.4197484574166887
0.4201587686816048
0.4205694810327694
0.42098059486225126
0.42139211056250214
0.4218040285263576
0.4222163491470372
0.4226290728181448
0.42304219993366915
0.4234557308879839
0.42386966607584836
0.42428400589240783
0.4246987507331937
0.42511390099412394
0.42552945707150375
0.4259454193620256
0.4263617882627698
0.4267785641712047
0.42719574748518724
0.42761333860296336
0.4280313379231681
0.42844974584482637
0.42886856276735297
0.4292877890905534
0.4297074252146236
0.4301274715401509
0.4305479284681143
0.43096879639988467
0.43139007573722515
0.4318117668822918
0.43223387023763354
0.43265638620619307
0.4330793151913068
0.4335026575967054
0.43392641382651426
0.43435058428525386
0.43477516937783994
0.4352001695095842
0.43562558508619437
0.43605141651377505
0.43647766419882755
0.4369043285482506
0.43733140996934083
0.43775890886979285
0.43818682565769984
0.4386151607415539
0.4390439145302463
0.43947308743306845
0.4399026798597114
0.4403326922202667
0.440763124925227
0.44119397838548624
0.4416252530123398
0.44205694921748506
0.44248906741302213
0.4429216080114538
0.4433545714256861
0.44378795806902854
0.4442217683551949
0.44465600269830324
0.4450906615128765
0.44552574521384264
0.4459612542165354
0.4463971889366945
0.446833549790466
0.4472703371944027
0.44770755156546466
0.4481451933210196
0.4485832628788431
0.4490217606571191
0.4494606870744404
0.4499000425498091
0.4503398275026366
0.4507800423527445
0.45122068752036465
0.4516617634261398
0.45210327049112387
0.4525452091367822
0.4529875797849923
0.4534303828580441
0.45387361877864024
0.4543172879698964
0.4547613908553422
0.45520592785892106
0.4556508994049908
0.4560963059183242
0.45654214782410896
0.4569884255479489
0.4574351395158634
0.45788229015428844
0.458329877890077
0.4587779031504992
0.45922636636324277
0.4596752679564135
0.4601246083585358
0.46057438799855294
0.46102460730582734
0.4614752667101413
0.46192636664169706
0.4623779075311177
0.46282988980944684
0.4632823139081498
0.46373518025911337
0.46418848929464684
0.4646422414474818
0.465096437150773
0.4655510768380985
0.46600616094346037
0.4664616899012847
0.4669176641464224
0.4673740841141494
0.46783095024016713
0.46828826296060294
0.4687460227120103
0.46920422993136984
0.469662885056089
0.47012198852400294
0.4705815407733746
0.4710415422428957
0.4715019933716865
0.47196289459929663
0.47242424636570524
0.47288604911132176
0.4733483032769861
0.473811009303969
0.47427416763397257
0.4747377787091307
0.4752018429720095
0.47566636086560776
0.4761313328333571
0.4765967593191228
0.47706264076720406
0.47752897762233415
0.47799577032968127
0.47846301933484864
0.47893072508387535
0.4793988880232361
0.47986750859984234
0.48033658726104217
0.48080612445462123
0.48127612062880265
0.4817465762322477
0.48221749171405637
0.4826888675237677
0.48316070411136
0.48363300192725134
0.4841057614223004
0.4845789830478064
0.48505266725550966
0.4855268144975922
0.486001425226678
0.4864764998958336
0.48695203895856815
0.48742804286883434
0.4879045120810286
0.4883814470499915
0.4888588482310081
0.4893367160798087
0.489815051052569
0.49029385360591066
0.4907731241969016
0.49125286328305656
0.4917330713223376
0.49221374877315444
0.4926948960943648
0.49317651374527494
0.4936586021856401
0.49414116187566526
0.4946241932760047
0.4951076968477634
0.49559167305249696
0.49607612235221216
0.49656104520936745
0.49704644208687315
0.49753231344809234
0.49801865975684095
0.4985054814773882
0.4989927790744572
0.49948055301322547
0.49996880375932506
0.5004575317788433
0.500946737538323
0.5014364215047631
0.5019265841456192
0.5024172259288036
0.5029083473226859
0.503399948796094
0.5038920308183138
0.5043845938590898
0.5048776383886259
0.5053711648775855
0.5058651737970923
0.5063596656187302
0.5068546408145443
0.5073500998570412
0.5078460432191891
0.5083424713744189
0.5088393847966239
0.5093367839601609
0.5098346693398504
0.510333041410977
0.5108319006492896
0.5113312475310027
0.511831082532796
0.5123314061318149
0.5128322188056719
0.5133335210324458
0.5138353132906829
0.5143375960593973
0.5148403698180714
0.5153436350466561
0.5158473922255719
0.5163516418357084
0.5168563843584254
0.5173616202755535
0.5178673500693943
0.5183735742227205
0.5188802932187768
0.5193875075412806
0.5198952176744219
0.520403424102864
0.5209121273117441
0.5214213277866733
0.5219310260137379
0.522441222479499
0.5229519176709934
0.5234631120757338
0.52397480618171
0.5244870004773883
0.5249996954517127
0.5255128915941049
0.5260265893944654
0.5265407893431735
0.5270554919310876
0.527570697649546
0.5280864069903677
0.5286026204458518
0.5291193385087792
0.5296365616724121
0.5301542904304952
0.5306725252772555
0.5311912667074035
0.5317105152161329
0.5322302712991218
0.5327505354525326
0.5332713081730127
0.5337925899576953
0.5343143813041992
0.5348366827106298
0.5353594946755792
0.5358828176981272
0.5364066522778413
0.5369309989147774
0.5374558581094799
0.5379812303629831
0.5385071161768105
0.539033516052976
0.5395604304939844
0.5400878600028316
0.5406158050830052
0.5411442662384849
0.5416732439737431
0.5422027387937453
0.5427327512039507
0.5432632817103126
0.5437943308192786
0.5443258990377918
0.5448579868732907
0.5453905948337094
0.5459237234274791
0.5464573731635277
0.5469915445512807
0.5475262381006615
0.548061454322092
0.548597193726493
0.5491334568252847
0.5496702441303875
0.5502075561542217
0.550745393409709
0.5512837564102723
0.5518226456698363
0.552362061702828
0.5529020050241776
0.5534424761493184
0.5539834755941877
0.5545250038752267
0.555067061509382
0.5556096490141054
0.5561527669073542
0.5566964157075921
0.5572405959337899
0.5577853081054257
0.558330552742485
0.5588763303654618
0.559422641495359
0.5599694866536886
0.5605168663624728
0.5610647811442432
0.5616132315220432
0.562162218019427
0.5627117411604605
0.563261801469722
0.5638123994723028
0.564363535693807
0.5649152106603529
0.5654674248985729
0.5660201789356143
0.5665734732991397
0.5671273085173273
0.5676816851188717
0.5682366036329846
0.5687920645893945
0.5693480685183482
0.5699046159506104
0.5704617074174649
0.571019343450715
0.5715775245826834
0.5721362513462133
0.5726955242746691
0.5732553439019361
0.5738157107624219
0.574376625391056
0.5749380883232913
0.575500100095104
0.576062661242994
0.5766257723039856
0.5771894338156285
0.5777536463159975
0.5783184103436935
0.5788837264378437
0.5794495951381025
0.580016016984652
0.5805829925182019
0.5811505222799906
0.5817186068117859
0.5822872466558848
0.5828564423551145
0.5834261944528328
0.583996503492929
0.5845673700198234
0.5851387945784691
0.5857107777143513
0.5862833199734891
0.5868564219024349
0.5874300840482756
0.5880043069586324
0.5885790911816624
0.5891544372660583
0.5897303457610491
0.5903068172164008
0.5908838521824166
0.591461451209938
0.5920396148503445
0.592618343655555
0.5931976381780275
0.5937774989707604
0.5943579265872926
0.5949389215817038
0.5955204845086156
0.5961026159231919
0.596685316381139
0.5972685864387062
0.597852426652687
0.5984368375804192
0.599021819779785
0.5996073738092121
0.6001935002276743
0.6007801995946915
0.6013674724703308
0.6019553194152065
0.6025437409904811
0.6031327377578657
0.6037223102796203
0.6043124591185545
0.6049031848380282
0.6054944880019522
0.606086369174788
0.6066788289215491
0.6072718678078016
0.6078654863996643
0.608459685263809
0.6090544649674619
0.6096498260784033
0.6102457691649691
0.6108422947960501
0.6114394035410935
0.6120370959701033
0.6126353726536404
0.6132342341628236
0.6138336810693298
0.6144337139453949
0.6150343333638143
0.615635539897943
0.6162373341216965
0.6168397166095515
0.6174426879365463
0.6180462486782812
0.6186503994109188
0.6192551407111855
0.6198604731563713
0.6204663973243303
0.6210729137934816
0.6216800231428097
0.6222877259518651
0.6228960228007648
0.6235049142701927
0.6241144009414008
0.6247244833962088
0.6253351622170052
0.6259464379867481
0.6265583112889651
0.6271707827077545
0.6277838528277855
0.6283975222342985
0.6290117915131064
0.6296266612505946
0.6302421320337217
0.6308582044500199
0.631474879087596
0.6320921565351316
0.6327100373818837
0.6333285222176851
0.6339476116329454
0.6345673062186518
0.6351876065663681
0.6358085132682373
0.6364300269169807
0.6370521481058995
0.6376748774288744
0.6382982154803668
0.6389221628554191
0.6395467201496557
0.6401718879592828
0.6407976668810896
0.6414240575124488
0.6420510604513168
0.6426786762962345
0.6433069056463281
0.6439357491013095
0.6445652072614765
0.6451952807277139
0.645825970101494
0.6464572759848768
0.647089198980511
0.6477217396916343
0.6483548987220739
0.6489886766762478
0.6496230741591643
0.6502580917764235
0.6508937301342169
0.6515299898393293
0.6521668714991382
0.6528043757216149
0.6534425031153248
0.6540812542894286
0.6547206298536823
0.6553606304184378
0.6560012565946437
0.6566425089938459
0.6572843882281881
0.6579268949104123
0.6585700296538595
0.65921379307247
0.6598581857807848
0.6605032083939453
0.6611488615276939
0.6617951457983754
0.6624420618229371
0.6630896102189289
0.6637377916045046
0.6643866065984225
0.6650360558200454
0.6656861398893419
0.6663368594268861
0.6669882150538593
0.6676402073920495
0.6682928370638531
0.6689461046922742
0.6696000109009265
0.6702545563140329
0.6709097415564267
0.671565567253552
0.672222034031464
0.6728791425168303
0.6735368933369308
0.6741952871196586
0.6748543244935206
0.6755140060876381
0.6761743325317475
0.6768353044562005
0.6774969224919652
0.6781591872706264
0.6788220994243863
0.679485659586065
0.6801498683891014
0.6808147264675534
0.6814802344560988
0.6821463929900358
0.6828132027052833
0.6834806642383827
0.6841487782264967
0.6848175453074111
0.6854869661195354
0.686157041301903
0.686827771494172
0.6874991573366255
0.6881711994701728
0.6888438985363499
0.6895172551773193
0.6901912700358716
0.6908659437554258
0.6915412769800298
0.6922172703543609
0.6928939245237266
0.6935712401340655
0.6942492178319474
0.694927858264574
0.6956071620797799
0.6962871299260329
0.6969677624524346
0.6976490603087213
0.698331024145264
0.69901365461307
0.6996969523637826
0.7003809180496823
0.701065552323687
0.7017508558393529
0.7024368292508754
0.7031234732130888
0.7038107883814679
0.7044987754121284
0.7051874349618268
0.7058767676879621
0.7065667742485756
0.7072574553023521
0.7079488115086201
0.7086408435273527
0.7093335520191679
0.7100269376453299
0.710721001067749
0.7114157429489826
0.7121111639522355
0.7128072647413614
0.7135040459808624
0.7142015083358902
0.714899652472247
0.7155984790563856
0.7162979887554104
0.7169981822370778
0.7176990601697968
0.7184006232226302
0.7191028720652944
0.7198058073681609
0.720509429802256
0.7212137400392621
0.7219187387515186
0.7226244266120214
0.7233308042944249
0.7240378724730416
0.7247456318228436
0.7254540830194621
0.7261632267391893
0.7268730636589784
0.7275835944564444
0.7282948198098642
0.7290067403981784
0.7297193569009905
0.7304326699985694
0.7311466803718478
0.7318613887024249
0.7325767956725656
0.7332929019652022
0.7340097082639343
0.7347272152530296
0.735445423617425
0.7361643340427269
0.7368839472152116
0.7376042638218265
0.7383252845501904
0.7390470100885945
0.7397694411260024
0.7404925783520515
0.7412164224570531
0.7419409741319936
0.7426662340685345
0.7433922029590136
0.7441188814964456
0.7448462703745222
0.7455743702876139
0.746303181930769
0.7470327059997162
0.7477629431908637
0.7484938942013005
0.7492255597287971
0.7499579404718063
0.7506910371294633
0.7514248504015869
0.7521593809886798
0.7528946295919299
0.75363059691321
0.7543672836550792
0.7551046905207834
0.7558428182142559
0.7565816674401183
0.7573212389036807
0.7580615333109426
0.7588025513685939
0.7595442937840151
0.7602867612652785
0.761029954521148
0.7617738742610807
0.7625185211952273
0.7632638960344325
0.7640099994902356
0.7647568322748721
0.7655043951012732
0.7662526886830673
0.7670017137345799
0.7677514709708354
0.7685019611075568
0.7692531848611668
0.7700051429487882
0.7707578360882451
0.7715112649980634
0.7722654303974711
0.773020333006399
0.7737759735454822
0.7745323527360601
0.775289471300177
0.7760473299605829
0.7768059294407348
0.7775652704647967
0.7783253537576401
0.7790861800448455
0.7798477500527027
0.7806100645082111
0.7813731241390811
0.782136929673734
0.7829014818413038
0.7836667813716369
0.7844328289952929
0.7851996254435458
0.7859671714483845
0.7867354677425132
0.7875045150593527
0.7882743141330402
0.7890448656984309
0.7898161704910984
0.7905882292473351
0.7913610427041532
0.7921346115992853
0.7929089366711853
0.793684018659029
0.7944598583027145
0.7952364563428631
0.7960138135208206
0.7967919305786569
0.7975708082591677
0.7983504473058743
0.7991308484630255
0.7999120124755972
0.8006939400892932
0.8014766320505469
0.8022600891065209
0.8030443120051086
0.8038293014949339
0.8046150583253528
0.8054015832464541
0.8061888770090593
0.8069769403647239
0.8077657740657384
0.8085553788651286
0.8093457555166562
0.8101369047748197
0.8109288273948554
0.8117215241327377
0.8125149957451798
0.8133092429896349
0.8141042666242965
0.8149000674080993
0.8156966461007198
0.816494003462577
0.8172921402548333
0.8180910572393955
0.8188907551789145
0.8196912348367873
0.8204924969771569
0.8212945423649132
0.8220973717656939
0.8229009859458848
0.8237053856726215
0.8245105717137892
0.8253165448380233
0.8261233058147109
0.8269308554139916
0.827739194406757
0.8285483235646529
0.8293582436600792
0.8301689554661904
0.8309804597568977
0.8317927573068682
0.832605848891526
0.8334197352870537
0.8342344172703926
0.8350498956192433
0.8358661711120664
0.836683244528084
0.8375011166472794
0.8383197882503989
0.8391392601189511
0.8399595330352095
0.8407806077822119
0.8416024851437612
0.842425165904427
0.8432486508495455
0.844072940765221
0.8448980364383255
0.8457239386565009
0.8465506482081585
0.8473781658824808
0.8482064924694215
0.8490356287597061
0.8498655755448336
0.8506963336170765
0.8515279037694818
0.8523602867958717
0.8531934834908443
0.8540274946497747
0.8548623210688151
0.855697963544896
0.8565344228757272
0.8573716998597983
0.8582097952963791
0.8590487099855207
0.8598884447280567
0.8607290003256033
0.86157037758056
0.862412577296111
0.8632556002762255
0.8640994473256588
0.8649441192499526
0.865789616855436
0.8666359409492266
0.8674830923392307
0.8683310718341445
0.8691798802434545
0.8700295183774388
0.8708799870471674
0.8717312870645031
0.8725834192421021
0.8734363843934156
0.8742901833326895
0.8751448168749657
0.8760002858360827
0.8768565910326767
0.8777137332821823
0.8785717134028328
0.8794305322136615
0.8802901905345025
0.881150689185991
0.8820120289895647
0.8828742107674636
0.8837372353427324
0.88460110353922
0.88546581618158
0.886331374095273
0.8871977781065659
0.8880650290425337
0.8889331277310596
0.8898020750008361
0.8906718716813659
0.8915425186029625
0.892414016596751
0.893286366494669
0.894159569129467
0.8950336253347104
0.8959085359447784
0.8967843017948662
0.8976609237209858
0.898538402559966
0.8994167391494536
0.9002959343279144
0.9011759889346338
0.9020569038097175
0.9029386797940925
0.9038213177295076
0.9047048184585348
0.9055891828245697
0.906474411671832
0.9073605058453666
0.9082474661910451
0.9091352935555654
0.9100239887864531
0.9109135527320622
0.9118039862415763
0.912695290165009
0.9135874653532048
0.9144805126578394
0.9153744329314218
0.9162692270272942
0.9171648957996325
0.9180614401034476
0.9189588607945869
0.9198571587297337
0.9207563347664092
0.921656389762972
0.9225573245786209
0.9234591400733941
0.9243618371081701
0.9252654165446694
0.9261698792454546
0.9270752260739319
0.9279814578943508
0.9288885755718062
0.9297965799722383
0.9307054719624341
0.9316152524100276
0.932525922183501
0.9334374821521856
0.9343499331862624
0.9352632761567627
0.9361775119355699
0.937092641395419
0.9380086654098989
0.9389255848534516
0.9398434006013742
0.9407621135298198
0.9416817245157973
0.9426022344371737
0.9435236441726732
0.9444459546018796
0.9453691666052364
0.9462932810640476
0.9472182988604788
0.9481442208775579
0.9490710479991761
0.9499987811100884
0.9509274210959145
0.9518569688431404
0.9527874252391184
0.953718791172068
0.9546510675310769
0.9555842552061022
0.956518355087971
0.9574533680683809
0.9583892950399011
0.9593261368959737
0.9602638945309139
0.9612025688399111
0.9621421607190297
0.9630826710652102
0.9640241007762699
0.9649664507509036
0.9659097218886844
0.966853915090065
0.9677990312563787
0.9687450712898389
0.9696920360935417
0.9706399265714657
0.9715887436284735
0.9725384881703115
0.973489161103612
0.9744407633358938
0.9753932957755622
0.9763467593319108
0.9773011549151219
0.9782564834362678
0.9792127458073113
0.9801699429411065
0.9811280757513996
0.9820871451528307
0.9830471520609335
0.9840080973921367
0.9849699820637646
0.985932806994039
0.9868965731020783
0.9878612813079
0.9888269325324206
0.989793527697457
0.9907610677257273
0.991729553540851
0.9926989860673512
0.9936693662306542
0.9946406949570913
0.9956129731738991
0.9965862018092202
0.9975603817921054
0.998535514052513
0.9995115995213103
1.0004886391302747
1.001466633812095
1.0024455845003706
1.0034254921296144
1.0044063576352522
1.0053881819536248
1.006370966021988
1.0073547107785132
1.0083394171622901
1.0093250861133254
1.010311718572545
1.0112993154817949
1.0122878777838409
1.013277406422371
1.0142679023419963
1.0152593664882492
1.0162517998075888
1.0172452032473978
1.0182395777559858
1.0192349242825889
1.0202312437773713
1.0212285371914256
1.0222268054767754
1.0232260495863728
1.0242262704741034
1.0252274690947842
1.0262296464041658
1.0272328033589335
1.028236940916707
1.029242060036042
1.0302481616764325
1.031255246798309
1.0322633163630413
1.0332723713329395
1.0342824126712535
1.035293441342176
1.0363054583108402
1.0373184645433249
1.0383324610066524
1.0393474486687895
1.0403634284986505
1.041380401466096
1.042398368541935
1.0434173306979253
1.0444372889067746
1.0454582441421418
1.0464801973786373
1.047503149591824
1.0485271017582185
1.0495520548552921
1.050578009861472
1.0516049677561414
1.0526329295196404
1.0536618961332682
1.054691868579283
1.0557228478409026
1.0567548349023068
1.057787830748637
1.0588218363659976
1.0598568527414571
1.0608928808630487
1.0619299217197713
1.062967976301591
1.064007045599441
1.0650471306052236
1.0660882323118108
1.0671303517130448
1.0681734898037398
1.0692176475796815
1.07026282603763
1.0713090261753193
1.0723562489914586
1.0734044954857336
1.0744537666588068
1.0755040635123196
1.0765553870488922
1.0776077382721243
1.0786611181865975
1.0797155277978747
1.0807709681125022
1.0818274401380101
1.0828849448829132
1.0839434833567125
1.0850030565698958
1.086063665533938
1.0871253112613033
1.0881879947654458
1.0892517170608096
1.090316479162831
1.0913822820879386
1.092449126853555
1.0935170144780968
1.0945859459809764
1.0956559223826023
1.0967269447043817
1.0977990139687184
1.098872131199017
1.099946297419682
1.1010215136561197
1.102097780934738
1.1031751002829486
1.1042534727291673
1.105332899302816
1.1064133810343213
1.1074949189551184
1.1085775140976504
1.1096611674953694
1.1107458801827381
1.11183165319523
1.1129184875693308
1.11400638434254
1.1150953445533702
1.1161853692413504
1.1172764594470246
1.1183686162119548
1.119461840578721
1.1205561335909218
1.1216514962931763
1.1227479297311254
1.1238454349514304
1.1249440130017776
1.1260436649308765
1.1271443917884618
1.1282461946252944
1.1293490744931622
1.1304530324448816
1.1315580695342982
1.1326641868162866
1.133771385346754
1.134879666182639
1.135989030381914
1.1370994790035849
1.138211013107693
1.1393236337553156
1.1404373420085683
1.1415521389306034
1.1426680255856132
1.1437850030388304
1.144903072356529
1.1460222346060251
1.1471424908556778
1.1482638421748912
1.1493862896341145
1.1505098343048428
1.1516344772596194
1.1527602195720354
1.1538870623167319
1.1550150065694003
1.1561440534067828
1.1572742039066752
1.1584054591479265
1.1595378202104398
1.1606712881751744
1.161805864124146
1.1629415491404282
1.1640783443081533
1.1652162507125128
1.1663552694397596
1.1674954015772088
1.168636648213237
1.169779010437286
1.170922489339862
1.1720670860125373
1.1732128015479513
1.174359637039811
1.1755075935828934
1.1766566722730452
1.1778068742071834
1.178958200483299
1.180110652200455
1.1812642304587895
1.1824189363595157
1.1835747710049227
1.1847317354983782
1.1858898309443278
1.1870490584482964
1.1882094191168906
1.1893709140577975
1.1905335443797882
1.191697311192717
1.1928622156075226
1.1940282587362305
1.1951954416919535
1.1963637655888908
1.1975332315423326
1.1987038406686585
1.1998755940853394
1.2010484929109386
1.2022225382651128
1.2033977312686133
1.2045740730432868
1.2057515647120765
1.2069302073990238
1.2081100022292681
1.2092909503290497
1.210473052825709
1.2116563108476883
1.2128407255245335
1.2140262979868945
1.2152130293665264
1.21640092079629
1.217589973410155
1.2187801883431977
1.2199715667316058
1.2211641097126757
1.2223578184248174
1.223552694007553
1.2247487376015174
1.225945950348462
1.227144333391254
1.228343887873877
1.2295446149414342
1.2307465157401465
1.2319495914173564
1.2331538431215279
1.2343592720022467
1.2355658792102235
1.2367736658972932
1.2379826332164166
1.2391927823216817
1.2404041143683044
1.2416166305126302
1.2428303319121348
1.244045219725425
1.2452612951122408
1.2464785592334555
1.2476970132510772
1.24891665832825
1.2501374956292546
1.25135952631951
1.2525827515655754
1.2538071725351485
1.2550327903970695
1.2562596063213214
1.2574876214790305
1.258716837042468
1.2599472541850505
1.2611788740813423
1.2624116979070559
1.2636457268390524
1.2648809620553438
1.2661174047350938
1.2673550560586182
1.2685939172073872
1.2698339893640254
1.2710752737123134
1.2723177714371896
1.2735614837247498
1.27480641176225
1.2760525567381065
1.277299919841897
1.2785485022643628
1.2797983051974082
1.2810493298341032
1.282301577368684
1.2835550489965541
1.2848097459142855
1.2860656693196197
1.2873228204114695
1.2885812003899195
1.289840810456227
1.2911016518128238
1.2923637256633174
1.2936270332124913
1.2948915756663069
1.2961573542319047
1.2974243701176051
1.2986926245329098
1.2999621186885018
1.3012328537962488
1.302504831069203
1.3037780517216013
1.3050525169688687
1.306328228027618
1.307605186115651
1.3088833924519603
1.3101628482567291
1.3114435547513348
1.312725513158348
1.314008724701534
1.315293190605855
1.3165789120974702
1.3178658904037377
1.3191541267532154
1.3204436223756617
1.3217343785020372
1.3230263963645068
1.3243196771964378
1.3256142222324052
1.3269100327081895
1.3282071098607802
1.3295054549283754
1.3308050691503828
1.3321059537674234
1.3334081100213295
1.3347115391551478
1.33601624241314
1.3373222210407847
1.3386294762847768
1.3399380093930313
1.3412478216146815
1.3425589142000827
1.3438712884008128
1.3451849454696718
1.3464998866606857
1.3478161132291056
1.3491336264314098
1.350452427525305
1.3517725177697268
1.353093898424842
1.3544165707520495
1.3557405360139798
1.3570657954744991
1.3583923503987088
1.3597202020529462
1.3610493517047877
1.3623798006230474
1.3637115500777806
1.365044601340284
1.3663789556830963
1.3677146143800014
1.3690515787060271
1.3703898499374483
1.3717294293517877
1.3730703182278157
1.3744125178455535
1.375756029486274
1.3771008544325014
1.3784469939680144
1.3797944493778465
1.381143221948287
1.3824933129668835
1.3838447237224407
1.3851974555050244
1.386551509605961
1.3879068873178388
1.3892635899345105
1.390621618751093
1.3919809750639691
1.3933416601707895
1.3947036753704722
1.396067021963206
1.397431701250451
1.3987977145349373
1.4001650631206708
1.401533748312931
1.4029037714182737
1.404275133744532
1.4056478366008165
1.4070218812975186
1.40839726914631
1.4097740014601445
1.41115207955326
1.4125315047411782
1.4139122783407077
1.4152944016699438
1.4166778760482697
1.4180627027963593
1.4194488832361774
1.4208364186909799
1.4222253104853175
1.423615559945035
1.4250071683972738
1.4264001371704724
1.4277944675943668
1.4291901609999944
1.430587218719693
1.4319856420871027
1.4333854324371673
1.434786591106136
1.4361891194315635
1.4375930187523125
1.438998290408554
1.4404049357417694
1.441812956094752
1.443222352811606
1.444633127237751
1.4460452807199213
1.4474588146061675
1.4488737302458587
1.4502900289896816
1.4517077121896442
1.4531267811990767
1.4545472373726305
1.4559690820662825
1.4573923166373348
1.4588169424444162
1.4602429608474838
1.4616703732078236
1.4630991808880527
1.4645293852521202
1.465960987665308
1.467393989494233
1.468828392106848
1.4702641968724428
1.4717014051616464
1.473140018346426
1.474580037800092
1.4760214648972956
1.4774643010140323
1.4789085475276427
1.4803542058168138
1.4818012772615803
1.4832497632433264
1.484699665144785
1.4861509843500424
1.4876037222445375
1.4890578802150625
1.490513459649766
1.4919704619381537
1.4934288884710891
1.4948887406407962
1.4963500198408581
1.497812727466222
1.499276864913198
1.5007424335794606
1.5022094348640511
1.5036778701673785
1.5051477408912206
1.5066190484387258
1.5080917942144128
1.5095659796241745
1.511041606075278
1.5125186749763653
1.513997187737456
1.5154771457699479
1.5169585504866185
1.5184414033016262
1.5199257056305118
1.5214114588901992
1.5228986644989992
1.5243873238766066
1.5258774384441054
1.527369009623969
1.5288620388400604
1.5303565275176352
1.5318524770833415
1.5333498889652222
1.534848764592717
1.5363491053966611
1.53785091280929
1.5393541882642388
1.5408589331965437
1.5423651490426442
1.543872837240383
1.5453819992290088
1.5468926364491782
1.548404750342954
1.5499183423538108
1.5514334139266324
1.5529499665077164
1.5544680015447738
1.5559875204869296
1.5575085247847271
1.5590310158901266
1.5605549952565076
1.5620804643386705
1.5636074245928384
1.5651358774766566
1.5666658244491969
1.5681972669709556
1.5697302065038579
1.571264644511258
1.5728005824579394
1.5743380218101188
1.5758769640354457
1.577417410603004
1.5789593629833145
1.580502822648334
1.582047791071459
1.583594269727527
1.5851422600928153
1.5866917636450464
1.5882427818633855
1.5897953162284453
1.5913493682222848
1.5929049393284116
1.5944620310317839
1.5960206448188121
1.597580782177358
1.5991424445967388
1.600705633567728
1.6022703505825555
1.6038365971349104
1.6054043747199411
1.6069736848342584
1.6085445289759364
1.6101169086445117
1.611690825340989
1.6132662805678388
1.614843275829001
1.6164218126298855
1.6180018924773731
1.6195835168798183
1.6211666873470505
1.6227514053903733
1.624337672522569
1.625925490257899
1.6275148601121037
1.629105783602406
1.6306982622475115
1.6322922975676104
1.6338878910843795
1.6354850443209816
1.6370837588020704
1.6386840360537882
1.6402858776037705
1.6418892849811455
1.6434942597165356
1.6451008033420602
1.6467089173913367
1.64831860339948
1.6499298629031074
1.651542697440337
1.6531571085507917
1.6547730977755983
1.6563906666573902
1.6580098167403092
1.6596305495700068
1.6612528666936441
1.6628767696598956
1.6645022600189499
1.66612933932251
1.6677580091237971
1.6693882709775487
1.6710201264400235
1.6726535770690019
1.6742886244237853
1.6759252700652008
1.6775635155556008
1.679203362458865
1.6808448123404018
1.6824878667671497
1.6841325273075787
1.6857787955316927
1.6874266730110294
1.6890761613186636
1.690727262029207
1.6923799767188112
1.6940343069651687
1.6956902543475127
1.6973478204466217
1.699007006844819
1.7006678151259742
1.7023302468755057
1.7039943036803815
1.705659987129121
1.7073272988117965
1.7089962403200336
1.7106668132470149
1.7123390191874805
1.7140128597377282
1.7156883364956172
1.7173654510605683
1.7190442050335657
1.7207246000171592
1.7224066376154636
1.7240903194341637
1.7257756470805128
1.727462622163335
1.7291512462930274
1.730841521081562
1.7325334481424857
1.734227029090923
1.7359222655435766
1.7376191591187307
1.7393177114362506
1.741017924117585
1.7427197987857677
1.7444233370654192
1.7461285405827482
1.7478354109655536
1.7495439498432235
1.7512541588467405
1.7529660396086817
1.7546795937632182
1.7563948229461208
1.7581117287947579
1.7598303129480986
1.761550577046715
1.7632725227327812
1.7649961516500783
1.7667214654439936
1.768448465761522
1.7701771542512696
1.7719075325634532
1.773639602349903
1.7753733652640646
1.7771088229609984
1.7788459770973832
1.7805848293315185
1.7823253813233229
1.7840676347343385
1.7858115912277317
1.7875572524682948
1.7893046201224474
1.7910536958582368
1.7928044813453425
1.794556978255076
1.7963111882603815
1.7980671130358388
1.7998247542576655
1.801584113603717
1.8033451927534891
1.805107993388119
1.8068725171903872
1.8086387658447203
1.8104067410371898
1.8121764444555162
1.8139478777890699
1.8157210427288724
1.8174959409675986
1.8192725741995772
1.8210509441207938
1.8228310524288924
1.8246129008231746
1.8263964910046049
1.82818182467581
1.8299689035410804
1.831757729306374
1.833548303679314
1.835340628369195
1.8371347050869817
1.8389305355453107
1.8407281214584934
1.8425274645425167
1.8443285665150453
1.846131429095423
1.847936054004673
1.8497424429655025
1.851550597702302
1.853360519941147
1.855172211409801
1.8569856738377166
1.8588009089560367
1.8606179184975962
1.8624367041969236
1.864257267790244
1.866079611015479
1.8679037356122485
1.869729643321874
1.8715573358873785
1.873386815053489
1.8752180825666387
1.877051140174966
1.8788859896283205
1.8807226326782611
1.8825610710780583
1.8844013065826977
1.8862433409488797
1.8880871759350222
1.8899328133012623
1.8917802548094564
1.8936295022231844
1.89548055730775
1.8973334218301816
1.8991880975592357
1.901044586265398
1.902902889720884
1.9047630096996429
1.906624947977356
1.9084887063314422
1.9103542865410574
1.9122216903870954
1.9140909196521927
1.9159619761207272
1.9178348615788212
1.919709577814344
1.9215861266169108
1.923464509777887
1.9253447290903904
1.9272267863492891
1.9291106833512073
1.9309964218945253
1.932884003779381
1.9347734308076732
1.9366647047830592
1.9385578275109625
1.9404528007985702
1.942349626454835
1.9442483062904794
1.9461488421179955
1.9480512357516466
1.9499554890074704
1.9518616037032783
1.9537695816586602
1.9556794246949845
1.9575911346353985
1.9595047133048331
1.9614201625300032
1.9633374841394085
1.965256679963337
1.9671777518338645
1.969100701584859
1.9710255310519809
1.9729522420726837
1.974880836486219
1.976811316133635
1.9787436828577798
1.9806779385033038
1.982614084916659
1.9845521239461033
1.9864920574417015
1.988433887255326
1.9903776152406603
1.9923232432531994
1.9942707731502525
1.9962202067909445
1.998171546036216
2.000124792748829
2.002079948793365
2.0040370160362277
2.0059959963456473
2.0079568915916783
2.0099197036462035
2.011884434382937
2.013851085677422
2.015819659407037
2.017790157450995
2.0197625816903466
2.021736934007979
2.0237132162886238
2.025691430418851
2.027671578287077
2.0296536617835637
2.0316376828004206
2.033623643231607
2.0356115449729333
2.037601389922063
2.039593179978515
2.041586917043665
2.0435826030207473
2.045580239814856
2.0475798293329484
2.0495813734838455
2.051584874178233
2.0535903333286667
2.055597752849571
2.05760713465724
2.059618480669844
2.0616317928074253
2.063647072991906
2.0656643231470846
2.0676835451986406
2.069704741074137
2.07172791270302
2.0737530620166225
2.0757801909481652
2.0778093014327577
2.079840395407402
2.081873474810994
2.083908541584323
2.085945597670078
2.087984645012845
2.090025685559112
2.09206872125727
2.094113754057613
2.096160785912342
2.0982098187755684
2.100260854603311
2.102313895353501
2.1043689429859853
2.1064259994625254
2.108485066746801
2.1105461468044093
2.112609241602872
2.1146743531116323
2.1167414833020586
2.1188106341474464
2.1208818076230207
2.1229550057059368
2.125030230375283
2.127107483612082
2.129186767399293
2.131268083721814
2.133351434566482
2.1354368219220774
2.1375242477793246
2.1396137141308933
2.1417052229714026
2.143798776297418
2.145894376107461
2.147992024402004
2.1500917231834746
2.152193474456259
2.1542972802267033
2.1564031425031134
2.158511063295759
2.1606210446168745
2.1627330884806617
2.1648471969032914
2.166963371902905
2.169081615499616
2.171201929715514
2.1733243165746643
2.175448778103111
2.177575316328879
2.1797039332819748
2.18183463099439
2.183967411500102
2.186102276835077
2.1882392290372707
2.190378270146632
2.1925194022051033
2.194662627256622
2.196807947347125
2.198955364524549
2.2011048808388316
2.203256498341915
2.2054102190877467
2.2075660451322827
2.209723978533489
2.2118840213513407
2.2140461756478302
2.216210443486964
2.2183768269347643
2.2205453280592757
2.2227159489305635
2.224888691620716
2.2270635582038474
2.229240550756099
2.231419671355641
2.2336009220826782
2.235784305019444
2.237969822250211
2.2401574758612877
2.242347267941022
2.2445392005798044
2.2467332758700667
2.248929495906287
2.2511278627849927
2.253328378604757
2.255531045466207
2.257735865472023
2.25994284072694
2.2621519733377515
2.264363265413308
2.266576719064524
2.2687923364043767
2.271010119547908
2.273230070612228
2.2754521917165165
2.2776764849820244
2.2799029525320766
2.2821315964920723
2.2843624189894904
2.286595422153888
2.288830608116904
2.2910679790122606
2.2933075369757674
2.2955492841453204
2.297793222660906
2.300039354664602
2.3022876823005802
2.304538207715109
2.306790933056554
2.3090458604753814
2.3113029921241592
2.3135623301575596
2.3158238767323622
2.3180876340074525
2.3203536041438277
2.322621789304599
2.324892191654988
2.3271648133623373
2.3294396565961053
2.331716723527872
2.3339960163313402
2.336277537182337
2.3385612882588176
2.340847271740865
2.343135489810693
2.34542594465265
2.3477186384532183
2.3500135734010184
2.3523107516868103
2.3546101755034945
2.3569118470461157
2.3592157685118647
2.3615219421000786
2.3638303700122467
2.3661410544520085
2.368453997625158
2.370769201739647
2.3730866690055814
2.3754064016352325
2.3777284018430316
2.380052671845574
2.3823792138616233
2.3847080301121117
2.3870391228201413
2.3893724942109893
2.391708146512106
2.3940460819531197
2.39638630276584
2.3987288111842555
2.4010736094445395
2.4034206997850522
2.4057700844463406
2.408121765671143
2.4104757457043884
2.4128320267932017
2.415190611186904
2.417551501137015
2.4199146988972546
2.422280206723548
2.4246480268740225
2.427018161609016
2.4293906131910723
2.4317653838849504
2.4341424759576213
2.436521891678272
2.438903633318308
2.4412877031513553
2.443674103453262
2.4460628365021018
2.4484539045781735
2.4508473099640065
2.453243054944361
2.4556411418062303
2.458041572838843
2.460444350333667
2.4628494765844082
2.465256953887016
2.4676667845396834
2.47007897084285
2.472493515099205
2.474910419613687
2.4773296866934884
2.479751318648057
2.4821753177890993
2.48460168643058
2.487030426888725
2.4894615414820267
2.491895032531242
2.494330902359397
2.496769153291789
2.499209787655988
2.5016528077818387
2.5040982160014646
2.506546014649267
2.50899620606193
2.5114487925784235
2.5139037765400007
2.516361160290206
2.518820946174873
2.5212831365421295
2.523747733742398
2.526214740128399
2.528684158055152
2.5311559898799803
2.5336302379625084
2.536106904664671
2.5385859923507095
2.541067503387177
2.5435514401429398
2.5460378049891794
2.548526600299396
2.5510178284494094
2.553511491817362
2.5560075927837205
2.5585061337312793
2.561007117045161
2.5635105451128215
2.5660164203240474
2.5685247450709645
2.571035521748036
2.573548752752064
2.5760644404821957
2.578582587339923
2.581103195729084
2.583626268055869
2.5861518067288176
2.5886798141588256
2.5912102927591465
2.5937432449453888
2.5962786731355263
2.598816579749895
2.6013569672111965
2.603899837944502
2.60644519437725
2.6089930389392557
2.6115433740627076
2.6140962021821714
2.6166515257345937
2.619209347159302
2.6217696688980094
2.6243324933948164
2.62689782309621
2.629465660451071
2.632036007910674
2.634608867928688
2.6371842429611823
2.639762135466626
2.6423425479058924
2.6449254827422597
2.6475109424414134
2.65009892947145
2.652689446302879
2.655282495408624
2.6578780792640258
2.660476200346846
2.663076861137267
2.6656800641178977
2.6682858117737704
2.6708941065923497
2.6735049510635305
2.6761183476796404
2.6787342989354457
2.68135280732815
2.683973875357398
2.686597505525279
2.689223700336325
2.69185246229752
2.6944837939182973
2.6971176977105413
2.699754176188595
2.702393231869256
2.705034867271785
2.7076790849179044
2.7103258873318
2.712975277040127
2.7156272565720103
2.718281828459045
