0
-0.63630879797268
0.00048865608380544
0.00048865608380533
0.26411556216429
-0.26371083722652
-0.26371083722652
0.26411556216429
0.17926885033458
0.074386201049625
-0.074111246325223
-0.17915510958025
-0.17915510958025
-0.074111246325223
0.074386201049625
0.17926885033458
0.096053422221603
0.081474710020812
0.054480246172883
0.019183657580039
-0.019036286347688
-0.054355332518133
-0.081391289260399
-0.096024206661534
-0.096024206661535
-0.081391289260398
-0.054355332518133
-0.019036286347688
0.019183657580039
0.054480246172883
0.081474710020813
0.096053422221603
0.048842715546675
0.046978659878641
0.043307481992422
0.037970400627484
0.031172716623469
0.023175915638234
0.014287609612656
0.0048497038997969
-0.0047747547646406
-0.014215543536422
-0.023109504777703
-0.031114515596875
-0.037922648246453
-0.043272015141781
-0.04695684285725
-0.048835387587172
-0.048835387587174
-0.04695684285725
-0.043272015141781
-0.037922648246453
-0.031114515596875
-0.023109504777703
-0.014215543536422
-0.0047747547646406
0.0048497038997969
0.014287609612656
0.023175915638234
0.031172716623469
0.037970400627484
0.043307481992422
0.046978659878641
0.048842715546675
0.024522976655728
0.024290275791484
0.023823417863281
0.02312690335875
0.022207446643625
0.021073911235094
0.019737224358813
0.018210271610719
0.016507772739938
0.014646139751813
0.012643318697125
0.010518616671969
0.0082925156995938
0.0059864752837188
0.0036227255404687
0.001224052901375
-0.0011864195474375
-0.0035854549703437
-0.0059499267835937
-0.0082570415955
-0.010484558932312
-0.012611005636844
-0.014615882867406
-0.016479863705969
-0.018184979469188
-0.019714792924719
-0.021054556746156
-0.022191355676406
-0.023114231029313
-0.023814286332125
-0.024284773086022
-0.024521155822041
-0.024521155822038
-0.024284773086022
-0.023814286332125
-0.023114231029312
-0.022191355676406
-0.021054556746156
-0.019714792924719
-0.018184979469188
-0.016479863705969
-0.014615882867406
-0.012611005636844
-0.010484558932313
-0.0082570415955
-0.0059499267835937
-0.0035854549703438
-0.0011864195474375
0.0012240529013751
0.0036227255404688
0.0059864752837188
0.0082925156995937
0.010518616671969
0.012643318697125
0.014646139751813
0.016507772739937
0.018210271610719
0.019737224358813
0.021073911235094
0.022207446643625
0.02312690335875
0.023823417863281
0.024290275791484
0.024522976655728
0.012273976129537
0.012245303429044
0.012187101896031
0.012099511880312
0.011982744599938
0.011837081632125
0.011662874235125
0.011460542499375
0.011230574336312
0.010973524300687
0.010690012253313
0.010380721867375
0.010046398978312
0.0096878497860625
0.009305938911125
0.0089015873091874
0.0084757700506249
0.0080295139686249
0.0075638951836875
0.0070800365083125
0.0065791047393126
0.0060623078444375
0.0055308920488124
0.0049861388310001
0.004429361831125
0.0038619036844375
0.0032851327830625
0.002700439976375
0.0021092352166875
0.0015129441597501
0.00091300472662503
0.00031086363612498
-0.00029202708412501
-0.00089421359825004
-0.00149424376825
-0.0020906706569376
-0.0026820560158125
-0.0032669737536251
-0.003844013375375
-0.0044117833839999
-0.0049689146350625
-0.0055140636394375
-0.0060459158019376
-0.00656318859275
-0.0070646346383124
-0.007549044730875
-0.008015250743875
-0.0084621284489376
-0.008888600226625
-0.0092936376652499
-0.0096762640405
-0.010035556671563
-0.010370649144875
-0.010680733404812
-0.010965061701687
-0.011222948393875
-0.011453771603062
-0.011656974712313
-0.011832067709375
-0.011978628368
-0.01209630326525
-0.012184808635294
-0.012243931052588
-0.012273527946794
-0.012273527946794
-0.012243931052594
-0.012184808635294
-0.01209630326525
-0.011978628368
-0.011832067709375
-0.011656974712313
-0.011453771603062
-0.011222948393875
-0.010965061701687
-0.010680733404813
-0.010370649144875
-0.010035556671563
-0.0096762640404999
-0.00929363766525
-0.0088886002266251
-0.0084621284489375
-0.008015250743875
-0.007549044730875
-0.0070646346383125
-0.00656318859275
-0.0060459158019375
-0.0055140636394375
-0.0049689146350625
-0.0044117833840001
-0.003844013375375
-0.0032669737536251
-0.0026820560158125
-0.0020906706569375
-0.00149424376825
-0.00089421359825004
-0.00029202708412501
0.00031086363612498
0.00091300472662503
0.00151294415975
0.0021092352166875
0.0027004399763749
0.0032851327830624
0.0038619036844375
0.004429361831125
0.0049861388310001
0.0055308920488125
0.0060623078444375
0.0065791047393124
0.0070800365083125
0.0075638951836875
0.0080295139686251
0.0084757700506249
0.0089015873091876
0.009305938911125
0.0096878497860624
0.010046398978312
0.010380721867375
0.010690012253313
0.010973524300687
0.011230574336312
0.011460542499375
0.011662874235125
0.011837081632125
0.011982744599938
0.012099511880312
0.012187101896031
0.012245303429044
0.012273976129537
0.0061384917115362
0.0061350218450375
0.0061278528594375
0.00611698907725
0.0061024370489375
0.006084205548625
0.0060623055685
0.006036750314125
0.006007555193
0.005974737809625
0.005938317950125
0.005898317574375
0.005854760800875
0.005807673892125
0.005757085238875
0.005703025343625
0.0056455268025
0.005584624283875
0.005520354508875
0.00545275622925
0.005381870203375
0.00530773917225
0.00523040783325
0.0051499228130001
0.005066332640375
0.00497968771625
0.00489004028325
0.004797444394125
0.004701955879875
0.004603632315625
0.0045025329852501
0.0043987188471249
0.0042922524961251
0.004183198125875
0.004071621491
0.003957589867
0.0038411720091249
0.00372243811175
0.003601459765625
0.003478309915
0.00335306281325
0.003225793977625
0.0030965801456251
0.00296549922675
0.002832630256375
0.00269805334825
0.002561849645125
0.0024241012716251
0.0022848912833751
0.002144303617125
0.00200242304
0.001859335099625
0.001715126070875
0.00156988290475
0.00142369317525
0.00127664502875
0.001128827127125
0.00098032859825004
0.0008312389784999
0.00068164816249994
0.00053164634587499
0.00038132397212509
0.00023077167887497
8.008024162498E-5
-7.065948037499E-5
-0.00022135659787503
-0.00037192024837496
-0.000522259649125
-0.00067228415262499
-0.00082190330162502
-0.00097102688287498
-0.0011195649825
-0.001267428038625
-0.00141452689775
-0.00156077286575
-0.00170607776425
-0.00185035398075
-0.001993514524
-0.002135473075625
-0.002276144040375
-0.0024154426015
-0.002553284768625
-0.0026895874292501
-0.002824268399875
-0.0029572464745
-0.0030884414736251
-0.0032177742928751
-0.003345166951125
-0.00347054263675
-0.0035938257543749
-0.0037149419702499
-0.0038338182575
-0.003950382938875
-0.004064565731875
-0.0041762977900001
-0.0042855117441251
-0.004392141743625
-0.004496123495625
-0.004597394304625
-0.0046958931086251
-0.004791560518125
-0.004884338850125
-0.004974172164
-0.005061006294375
-0.005144788884875
-0.005225469418375
-0.0053029992485001
-0.005377331628625
-0.005448421739875
-0.00551622671825
-0.005580705681
-0.00564181975025
-0.005699532077375
-0.005753807864
-0.0058046143855
-0.005851921007125
-0.00589569920575
-0.00593592258525
-0.005972566892625
-0.006005610033375
-0.006035032083875
-0.006060815304375
-0.006082944148625
-0.0061014052739625
-0.0061161875496875
-0.0061272820622625
-0.0061346821224375
-0.0061383832683013
-0.0061383832683013
-0.0061346821224375
-0.006127282062275
-0.0061161875496875
-0.0061014052739625
-0.006082944148625
-0.006060815304375
-0.006035032083875
-0.006005610033375
-0.005972566892625
-0.00593592258525
-0.00589569920575
-0.005851921007125
-0.0058046143855
-0.005753807864
-0.0056995320773749
-0.00564181975025
-0.005580705681
-0.00551622671825
-0.005448421739875
-0.005377331628625
-0.0053029992485
-0.005225469418375
-0.005144788884875
-0.005061006294375
-0.0049741721640001
-0.004884338850125
-0.004791560518125
-0.0046958931086251
-0.0045973943046249
-0.004496123495625
-0.004392141743625
-0.0042855117441249
-0.0041762977900001
-0.0040645657318751
-0.003950382938875
-0.0038338182575001
-0.00371494197025
-0.0035938257543749
-0.00347054263675
-0.0033451669511251
-0.003217774292875
-0.003088441473625
-0.0029572464745
-0.0028242683998749
-0.00268958742925
-0.0025532847686249
-0.0024154426015001
-0.0022761440403749
-0.002135473075625
-0.001993514524
-0.0018503539807501
-0.0017060777642499
-0.0015607728657501
-0.0014145268977499
-0.001267428038625
-0.0011195649825
-0.00097102688287498
-0.0008219033016249
-0.00067228415262499
-0.000522259649125
-0.00037192024837507
-0.00022135659787503
-7.065948037499E-5
8.008024162498E-5
0.00023077167887497
0.00038132397212498
0.0005316463458751
0.00068164816249994
0.00083123897850002
0.00098032859825004
0.001128827127125
0.00127664502875
0.00142369317525
0.00156988290475
0.001715126070875
0.001859335099625
0.00200242304
0.002144303617125
0.0022848912833749
0.002424101271625
0.0025618496451251
0.00269805334825
0.002832630256375
0.0029654992267499
0.003096580145625
0.003225793977625
0.00335306281325
0.0034783099150001
0.003601459765625
0.00372243811175
0.003841172009125
0.003957589867
0.004071621491
0.0041831981258751
0.004292252496125
0.0043987188471251
0.0045025329852501
0.004603632315625
0.004701955879875
0.004797444394125
0.00489004028325
0.00497968771625
0.005066332640375
0.005149922813
0.0052304078332499
0.00530773917225
0.005381870203375
0.00545275622925
0.005520354508875
0.005584624283875
0.0056455268025
0.005703025343625
0.005757085238875
0.005807673892125
0.005854760800875
0.005898317574375
0.005938317950125
0.005974737809625
0.006007555193
0.006036750314125
0.0060623055685
0.006084205548625
0.0061024370489375
0.00611698907725
0.0061278528594375
0.0061350218450375
0.0061384917115362
0.0030694193670075
0.00306901450985
0.0030681470187
0.003066817024325
0.003065024727275
0.0030627703977
0.00306005437535
0.00305687706975
0.003053238959875
0.003049140594
0.00304458259
0.00303956563525
0.00303409048525
0.00302815796625
0.00302176897225
0.003014924466
0.00300762547925
0.00299987311275
0.002991668535
0.00298301298275
0.0029739077605
0.00296435424075
0.0029543538645
0.00294390813825
0.002933018637
0.00292168700275
0.0029099149425
0.00289770423175
0.00288505671075
0.0028719742865
0.00285845893075
0.002844512681
0.0028301376395
0.002815335973
0.00280010991325
0.0027844617545
0.0027683938565
0.00275190864125
0.002735008594
0.0027176962615
0.002699974254
0.00268184524325
0.00266331196125
0.0026443772032501
0.00262504382175
0.0026053147322499
0.00258519290825
0.00256468138375
0.00254378325
0.00252250165725
0.00250083981425
0.00247880098525
0.0024563884935001
0.0024336057175001
0.00241045609075
0.0023869431035
0.0023630703002501
0.0023388412795
0.00231425969375
0.002289329248
0.0022640537012499
0.00223843686325
0.0022124825947499
0.0021861948095
0.002159577469
0.0021326345867499
0.0021053702235
0.00207778848975
0.0020498935425
0.0020216895875
0.0019931808752499
0.0019643717047501
0.0019352664175001
0.0019058694017501
0.00187618508825
0.0018462179522499
0.001815972511
0.00178545332325
0.00175466499025
0.00172361215325
0.0016922994925
0.0016607317290001
0.00162891362075
0.0015968499645
0.00156454559325
0.0015320053775
0.0014992342210001
0.0014662370655
0.0014330188839999
0.0013995846842501
0.00136593950625
0.00133208842175
0.0012980365335
0.00126378897475
0.0012293509079999
0.00119472752475
0.001159924044
0.00112494571175
0.001089797802
0.00105448561225
0.00101901446525
0.00098338970875
0.0009476167125001
0.00091170086924997
0.0008756475932501
0.00083946231849996
0.00080315050049995
0.00076671761299996
0.00073016914750001
0.00069351061400003
0.00065674753875
0.00061988546225
0.00058292994224995
0.00054588654950005
0.000508760868
0.00047155849399994
0.00043428503525
0.00039694611175001
0.00035954735025001
0.00032209438974995
0.00028459287575
0.0002470484610001
0.00020946680524991
0.00017185357399996
0.00013421443700001
9.6555067750081E-5
5.8881143500056E-5
2.1198343249984E-5
-1.6487651999908E-5
-5.4171162249927E-5
-9.1846506749982E-5
-0.00012950800550005
-0.00016714998224998
-0.00020476676199999
-0.00024235267450001
-0.00027990205375006
-0.00031740924000001
-0.00035486857875
-0.00039227442300005
-0.00042962113474998
-0.00046690308374997
-0.00050411465049993
-0.00054125022499996
-0.0005783042095
-0.00061527101850001
-0.00065214507924993
-0.00068892083350003
-0.00072559273749995
-0.00076215526275003
-0.00079860289825007
-0.00083493014949998
-0.0008711315405
-0.00090720161424995
-0.00094313493324993
-0.00097892608075001
-0.00101456966125
-0.0010500603022501
-0.0010853926534999
-0.0011205613885
-0.00115556120675
-0.0011903868315
-0.001225033013
-0.001259494529
-0.00129376618375
-0.0013278428119999
-0.001361719277
-0.0013953904712499
-0.0014288513195
-0.001462096778
-0.0014951218345
-0.0015279215112499
-0.0015604908640001
-0.0015928249830001
-0.00162491899325
-0.00165676805825
-0.001688367376
-0.0017197121835001
-0.0017507977555
-0.001781619406
-0.00181217248875
-0.00184245239875
-0.0018724545707499
-0.00190217448275
-0.00193160765375
-0.001960749648
-0.00198959607175
-0.0020181425767499
-0.0020463848605
-0.00207431866425
-0.00210193977825
-0.0021292440385
-0.00215622732925
-0.0021828855825
-0.00220921477975
-0.00223521095275
-0.0022608701820001
-0.0022861885997499
-0.00231116239
-0.0023357877867499
-0.002360061079
-0.002383978607
-0.0024075367662501
-0.002430732005
-0.00245356082675
-0.00247601979
-0.0024981055095
-0.0025198146552501
-0.002541143956
-0.0025620901955
-0.00258265021675
-0.00260282092025
-0.0026225992654999
-0.00264198227075
-0.00266096701475
-0.00267955063475
-0.0026977303305
-0.0027155033605
-0.00273286704625
-0.00274981877
-0.0027663559765
-0.002782476173
-0.002798176929
-0.002813455878
-0.002828310717
-0.00284273920675
-0.0028567391715
-0.00287030850175
-0.00288344515175
-0.002896147141
-0.002908412555
-0.002920239545
-0.00293162632775
-0.00294257118675
-0.00295307247175
-0.002963128601
-0.0029727380575
-0.0029818993935
-0.00299061122775
-0.00299887224625
-0.0030066812045
-0.003014036925
-0.00302093829925
-0.0030273842865
-0.00303337391525
-0.00303890628275
-0.0030439805545
-0.0030485959665
-0.003052751822425
-0.003056447495675
-0.00305968242945
-0.003062456135975
-0.0030647681972
-0.0030666182645
-0.003068006059125
-0.003068931371725
-0.0030693940629225
-0.0030693940629225
-0.003068931371725
-0.003068006059125
-0.0030666182645
-0.003064768197175
-0.003062456135975
-0.00305968242945
-0.003056447495675
-0.003052751822425
-0.0030485959665
-0.0030439805545
-0.00303890628275
-0.00303337391525
-0.0030273842865
-0.00302093829925
-0.003014036925
-0.0030066812045
-0.00299887224625
-0.00299061122775
-0.0029818993935
-0.0029727380575
-0.002963128601
-0.00295307247175
-0.00294257118675
-0.00293162632775
-0.002920239545
-0.002908412555
-0.0028961471410001
-0.00288344515175
-0.00287030850175
-0.0028567391715
-0.00284273920675
-0.002828310717
-0.002813455878
-0.002798176929
-0.002782476173
-0.0027663559765
-0.00274981877
-0.00273286704625
-0.0027155033605
-0.0026977303305
-0.00267955063475
-0.00266096701475
-0.00264198227075
-0.0026225992655
-0.00260282092025
-0.00258265021675
-0.0025620901955
-0.0025411439559999
-0.00251981465525
-0.0024981055095
-0.00247601979
-0.0024535608267501
-0.002430732005
-0.0024075367662501
-0.002383978607
-0.002360061079
-0.00233578778675
-0.0023111623900001
-0.0022861885997499
-0.0022608701820001
-0.00223521095275
-0.00220921477975
-0.0021828855825
-0.0021562273292499
-0.0021292440385
-0.0021019397782499
-0.00207431866425
-0.0020463848605
-0.00201814257675
-0.0019895960717501
-0.001960749648
-0.00193160765375
-0.00190217448275
-0.00187245457075
-0.00184245239875
-0.00181217248875
-0.001781619406
-0.0017507977555
-0.0017197121835
-0.001688367376
-0.00165676805825
-0.00162491899325
-0.0015928249830001
-0.001560490864
-0.0015279215112499
-0.0014951218345
-0.001462096778
-0.0014288513195
-0.0013953904712499
-0.001361719277
-0.001327842812
-0.0012937661837501
-0.001259494529
-0.001225033013
-0.0011903868315
-0.0011555612067501
-0.0011205613885
-0.0010853926534999
-0.00105006030225
-0.00101456966125
-0.00097892608075001
-0.00094313493324993
-0.00090720161424995
-0.00087113154050011
-0.00083493014949998
-0.00079860289824996
-0.00076215526275003
-0.00072559273750006
-0.00068892083350003
-0.00065214507924993
-0.00061527101850001
-0.0005783042095
-0.00054125022499996
-0.00050411465050004
-0.00046690308375008
-0.00042962113474998
-0.00039227442299994
-0.00035486857875
-0.00031740924000001
-0.00027990205375006
-0.00024235267450001
-0.00020476676199999
-0.00016714998224998
-0.00012950800549993
-9.1846506749982E-5
-5.4171162250038E-5
-1.6487651999908E-5
2.1198343250095E-5
5.8881143500056E-5
9.655506774997E-5
0.00013421443700001
0.00017185357399996
0.00020946680525002
0.00024704846099999
0.00028459287575
0.00032209438975006
0.00035954735025001
0.00039694611175001
0.00043428503525
0.00047155849399994
0.000508760868
0.00054588654950005
0.00058292994225007
0.00061988546225
0.00065674753875
0.00069351061399991
0.00073016914750001
0.00076671761299996
0.00080315050050006
0.00083946231849996
0.00087564759324998
0.00091170086924997
0.0009476167125001
0.00098338970875
0.00101901446525
0.00105448561225
0.001089797802
0.00112494571175
0.0011599240439999
0.00119472752475
0.0012293509079999
0.00126378897475
0.0012980365335
0.00133208842175
0.0013659395062501
0.0013995846842501
0.001433018884
0.0014662370655
0.0014992342210001
0.0015320053775
0.00156454559325
0.0015968499644999
0.00162891362075
0.0016607317290001
0.0016922994924999
0.00172361215325
0.00175466499025
0.00178545332325
0.001815972511
0.00184621795225
0.00187618508825
0.0019058694017501
0.0019352664175
0.0019643717047501
0.0019931808752499
0.0020216895874999
0.0020498935425001
0.00207778848975
0.0021053702235
0.0021326345867499
0.002159577469
0.0021861948095
0.0022124825947499
0.00223843686325
0.00226405370125
0.0022893292480001
0.00231425969375
0.0023388412795
0.00236307030025
0.0023869431035
0.0024104560907501
0.0024336057175
0.0024563884935001
0.00247880098525
0.00250083981425
0.00252250165725
0.00254378325
0.00256468138375
0.00258519290825
0.00260531473225
0.00262504382175
0.0026443772032499
0.00266331196125
0.00268184524325
0.002699974254
0.0027176962615
0.002735008594
0.00275190864125
0.0027683938565
0.0027844617545
0.00280010991325
0.002815335973
0.0028301376395
0.002844512681
0.00285845893075
0.0028719742864999
0.00288505671075
0.00289770423175
0.0029099149425
0.00292168700275
0.002933018637
0.00294390813825
0.0029543538645
0.00296435424075
0.0029739077605
0.00298301298275
0.002991668535
0.00299987311275
0.00300762547925
0.003014924466
0.00302176897225
0.00302815796625
0.00303409048525
0.00303956563525
0.00304458259
0.003049140594
0.003053238959875
0.00305687706975
0.00306005437535
0.0030627703977
0.003065024727275
0.003066817024325
0.0030681470187
0.00306901450985
0.0030694193670075
0.0015347277579199
0.001534684379375
0.00153458316435
0.00153442411675
0.0015342072424
0.0015339325496
0.00153360004865
0.0015332097521
0.0015327616747
0.00153225583325
0.00153169224685
0.00153107093675
0.0015303919264
0.0015296552413
0.0015288609093
0.0015280089603
0.00152709942625
0.0015261323415
0.0015251077435
0.0015240256685
0.00152288616
0.001521689259
0.001520435011
0.0015191234645
0.0015177546675
0.001516328672
0.0015148455315
0.001513305302
0.0015117080425
0.001510053812
0.001508342673
0.001506574691
0.0015047499315
0.001502868464
0.001500930358
0.0014989356885
0.00149688453
0.001494776959
0.0014926130555
0.001490392901
0.0014881165795
0.0014857841765
0.0014833957795
0.001480951479
0.0014784513675
0.0014758955385
0.0014732840885
0.001470617116
0.0014678947215001
0.0014651170075
0.0014622840785
0.001459396042
0.001456453006
0.001453455082
0.001450402383
0.0014472950235
0.001444133121
0.0014409167945
0.001437646165
0.001434321357
0.001430942494
0.0014275097045
0.001424023117
0.001420482864
0.001416889078
0.001413241895
0.0014095414525
0.0014057878895
0.0014019813475
0.00139812197
0.001394209903
0.001390245293
0.0013862282905
0.0013821590455
0.0013780377125
0.001373864447
0.001369639405
0.001365362747
0.001361034633
0.001356655227
0.001352224694
0.001347743201
0.0013432109155
0.001338628011
0.0013339946575
0.001329311031
0.001324577308
0.0013197936665
0.0013149602875
0.0013100773519999
0.0013051450445
0.0013001635509999
0.00129513306
0.0012900537595
0.0012849258425001
0.0012797495010001
0.0012745249299999
0.001269252328
0.0012639318925001
0.001258563824
0.0012531483245
0.001247685599
0.001242175853
0.0012366192935001
0.0012310161315
0.0012253665765001
0.001219670842
0.001213929143
0.0012081416955
0.0012023087180001
0.001196430429
0.001190507052
0.0011845388095
0.001178525925
0.001172468627
0.001166367143
0.0011602217034999
0.0011540325389999
0.0011477998835
0.0011415239725
0.0011352050405
0.001128843328
0.001122439073
0.0011159925174999
0.0011095039045
0.0011029734789999
0.001096401486
0.001089788174
0.0010831337915
0.0010764385905
0.001069702822
0.0010629267415
0.0010561106025
0.0010492546624999
0.00104235918
0.0010354244155001
0.001028450629
0.001021438085
0.001014387046
0.001007297779
0.0010001705505001
0.00099300562999993
0.00098580328599995
0.00097856379150008
0.0009712874179999
0.00096397444100005
0.00095662513499994
0.00094923977750005
0.00094181864699994
0.00093436202249997
0.00092687018549997
0.00091934341799993
0.00091178200400011
0.00090418622900001
0.00089655637800001
0.00088889273949999
0.00088119560199995
0.00087346525549992
0.000865701991
0.00085790610250003
0.00085007788199998
0.00084221762499992
0.0008343256279999
0.0008264021890001
0.00081844760600003
0.0008104621785
0.00080244620750003
0.00079439999550002
0.00078632384599997
0.0007782180625
0.00077008295100001
0.00076191881800003
0.00075372597099999
0.00074550471900003
0.00073725537199998
0.00072897823999996
0.00072067363649997
0.00071234187250002
0.00070398326400001
0.00069559812450004
0.0006871867699999
0.0006787495185
0.00067028668799995
0.00066179859649995
0.00065328556399991
0.00064474791199998
0.00063618596199999
0.00062760003649998
0.00061899045900005
0.00061035755399996
0.00060170164649997
0.000593023064
0.00058432213199999
0.00057559917999994
0.00056685453499994
0.00055808852750006
0.00054930148749999
0.00054049374749998
0.00053166563750007
0.00052281749100003
0.00051394964200002
0.00050506242350001
0.00049615617150001
0.00048723122099992
0.00047828790899995
0.00046932657200005
0.00046034754750002
0.00045135117399997
0.00044233779149994
0.00043330773899997
0.00042426135600004
0.00041519898499998
0.00040612096649995
0.00039702764250005
0.00038791935650007
0.00037879645049999
0.00036965926999999
0.00036050815800004
0.00035134345999999
0.00034216552099997
0.000332974687
0.00032377130450001
0.00031455572000005
0.00030532828149998
0.00029608933650005
0.00028683923299999
0.00027757831949993
0.00026830694450009
0.00025902545899992
0.00024973421099994
0.00024043355150005
0.00023112383149992
0.00022180540100003
0.00021247861149998
0.00020314381449993
0.00019380136199998
0.00018445160550007
0.00017509489800005
0.00016573159200006
0.00015636203949998
0.00014698659500001
0.00013760561050002
0.00012821944050001
0.00011882843850008
0.00010943295850008
0.000100033354
9.062998000009E-5
8.1223190000035E-5
7.1813339000082E-5
6.2400782000038E-5
5.2985872999955E-5
4.3568967500018E-5
3.415041999999E-5
2.4730585000077E-5
1.5309818499953E-5
5.8884750000487E-6
-3.5330905000519E-6
-1.2954522499942E-5
-2.2375467000013E-5
-3.1795567499993E-5
-4.1214470499984E-5
-5.063181999998E-5
-6.0047261499996E-5
-6.9460439499958E-5
-7.8871000000036E-5
-8.8278588499913E-5
-9.7682850000003E-5
-0.00010708342999999
-0.00011647997450004
-0.00012587212949999
-0.00013525954049998
-0.00014464185400009
-0.0001540187165
-0.00016338977550001
-0.00017275467599998
-0.00018211306650007
-0.00019146459399999
-0.00020080890499996
-0.00021014564949995
-0.00021947447399995
-0.00022879502649997
-0.00023810695699999
-0.00024740991450001
-0.00025670354849994
-0.00026598750750007
-0.00027526144250001
-0.000284525004
-0.000293777843
-0.00030301961050005
-0.00031224995849999
-0.00032146853900006
-0.00033067500450001
-0.00033986900799998
-0.00034905020300002
-0.00035821824350002
-0.00036737278449994
-0.00037651348049994
-0.00038563998700003
-0.00039475196049998
-0.00040384905699997
-0.00041293093350003
-0.00042199724949998
-0.00043104766099999
-0.00044008182800004
-0.00044909941000004
-0.00045810006750002
-0.00046708346050006
-0.00047604925099998
-0.00048499710099992
-0.00049392667350001
-0.00050283763149994
-0.0005117296399999
-0.00052060236249996
-0.00052945546600003
-0.00053828861650007
-0.00054710148049997
-0.0005558937265
-0.00056466502250008
-0.00057341503899999
-0.00058214344550001
-0.00059084991299996
-0.00059953411399993
-0.00060819572049997
-0.00061683440649996
-0.00062544984649993
-0.00063404171549997
-0.00064260968999996
-0.00065115344650002
-0.00065967266400002
-0.00066816702100003
-0.00067663619649994
-0.00068507987249999
-0.00069349773100003
-0.00070188945349992
-0.00071025472449993
-0.00071859322949996
-0.00072690465250003
-0.00073518868150002
-0.00074344500400003
-0.00075167330899995
-0.00075987328600002
-0.00076804462649993
-0.00077618702249993
-0.0007843001665
-0.00079238375299995
-0.00080043747800007
-0.00080846103749999
-0.000816454129
-0.00082441645099995
-0.00083234770450002
-0.00084024758950008
-0.00084811580949995
-0.00085595206650002
-0.00086375606650002
-0.00087152751399999
-0.00087926611700007
-0.00088697158400008
-0.00089464362500002
-0.00090228194999997
-0.00090988627049993
-0.00091745630199991
-0.00092499175750005
-0.00093249235350001
-0.00093995780699996
-0.00094738783750004
-0.000954782165
-0.00096214050950005
-0.00096946259499997
-0.00097674814449999
-0.00098399688450002
-0.00099120854149992
-0.000998382844
-0.0010055195205
-0.001012618303
-0.0010196789235
-0.0010267011165001
-0.0010336846169999
-0.0010406291614999
-0.0010475344890001
-0.0010544003385
-0.0010612264515
-0.0010680125715
-0.001074758442
-0.0010814638084999
-0.001088128419
-0.0010947520219999
-0.001101334368
-0.0011078752085
-0.001114374298
-0.0011208313905
-0.001127246243
-0.0011336186140001
-0.0011399482635001
-0.0011462349519999
-0.0011524784435
-0.0011586785025
-0.001164834895
-0.0011709473895
-0.001177015756
-0.001183039764
-0.0011890191885
-0.0011949538035
-0.0012008433845
-0.0012066877110001
-0.0012124865615
-0.0012182397185
-0.001223946964
-0.0012296080835
-0.001235222864
-0.001240791094
-0.0012463125625001
-0.0012517870625001
-0.0012572143874999
-0.001262594333
-0.0012679266955
-0.0012732112755
-0.001278447872
-0.0012836362890001
-0.0012887763305001
-0.001293867803
-0.0012989105144999
-0.0013039042749999
-0.001308848896
-0.0013137441919999
-0.0013185899775
-0.0013233860699999
-0.0013281322894999
-0.001332828457
-0.001337474395
-0.0013420699285
-0.0013466148845
-0.0013511090915
-0.0013555523805
-0.0013599445835
-0.0013642855355001
-0.001368575073
-0.001372813034
-0.001376999259
-0.00138113359
-0.001385215871
-0.0013892459485
-0.0013932236705
-0.0013971488875
-0.0014010214505
-0.001404841215
-0.001408608036
-0.0014123217725
-0.0014159822835
-0.001419589431
-0.0014231430795
-0.001426643096
-0.001430089347
-0.0014334817035
-0.0014368200380001
-0.0014401042235
-0.001443334137
-0.001446509657
-0.001449630663
-0.001452697038
-0.001455708667
-0.001458665435
-0.001461567232
-0.0014644139475
-0.001467205475
-0.001469941709
-0.0014726225465
-0.0014752478865
-0.00147781763
-0.00148033168
-0.001482789942
-0.001485192323
-0.001487538733
-0.001489829083
-0.001492063287
-0.001494241261
-0.0014963629225
-0.0014984281915
-0.001500436991
-0.001502389244
-0.001504284878
-0.0015061238215
-0.0015079060045
-0.00150963136
-0.0015112998235
-0.001512911332
-0.001514465824
-0.001515963242
-0.0015174035285
-0.00151878663
-0.0015201124945
-0.0015213810715
-0.0015225923135
-0.0015237461745
-0.0015248426115
-0.0015258815825
-0.00152686304935
-0.0015277869741
-0.00152865332245
-0.0015294620616
-0.0015302131611
-0.0015309065926
-0.00153154233005
-0.0015321203494
-0.001532640629
-0.0015331031491
-0.0015335078923
-0.00153385484345
-0.0015341439893
-0.0015343753191
-0.00153454882405
-0.001534664497705
-0.00153472233558
-0.00153472233558
-0.001534664497705
-0.00153454882405
-0.0015343753191
-0.0015341439893
-0.00153385484345
-0.0015335078923
-0.0015331031491
-0.001532640629
-0.00153212034945
-0.00153154233005
-0.0015309065926
-0.0015302131611
-0.0015294620616
-0.00152865332245
-0.0015277869741
-0.00152686304935
-0.0015258815825
-0.0015248426115
-0.0015237461745
-0.0015225923135
-0.0015213810715
-0.0015201124945
-0.00151878663
-0.0015174035285
-0.001515963242
-0.001514465824
-0.001512911332
-0.0015112998235
-0.00150963136
-0.0015079060045
-0.0015061238215
-0.001504284878
-0.001502389244
-0.001500436991
-0.0014984281915
-0.0014963629225
-0.001494241261
-0.001492063287
-0.001489829083
-0.001487538733
-0.001485192323
-0.001482789942
-0.00148033168
-0.00147781763
-0.0014752478865
-0.0014726225465
-0.001469941709
-0.001467205475
-0.0014644139475
-0.001461567232
-0.001458665435
-0.001455708667
-0.001452697038
-0.001449630663
-0.001446509657
-0.001443334137
-0.0014401042235
-0.001436820038
-0.0014334817035
-0.001430089347
-0.001426643096
-0.0014231430795
-0.001419589431
-0.0014159822835
-0.0014123217725
-0.001408608036
-0.001404841215
-0.0014010214505
-0.0013971488875
-0.0013932236705
-0.0013892459485
-0.001385215871
-0.00138113359
-0.001376999259
-0.001372813034
-0.001368575073
-0.0013642855355
-0.0013599445835
-0.0013555523805
-0.0013511090915
-0.0013466148845
-0.0013420699285
-0.001337474395
-0.001332828457
-0.0013281322895
-0.00132338607
-0.0013185899775
-0.001313744192
-0.001308848896
-0.001303904275
-0.0012989105145
-0.001293867803
-0.0012887763305
-0.001283636289
-0.001278447872
-0.0012732112755001
-0.0012679266955
-0.001262594333
-0.0012572143875
-0.0012517870625
-0.0012463125625
-0.001240791094
-0.001235222864
-0.0012296080835
-0.0012239469640001
-0.0012182397185
-0.0012124865615
-0.001206687711
-0.0012008433845
-0.0011949538035
-0.0011890191885
-0.0011830397639999
-0.0011770157559999
-0.0011709473895001
-0.001164834895
-0.0011586785025
-0.0011524784435
-0.0011462349520001
-0.0011399482634999
-0.001133618614
-0.0011272462430001
-0.0011208313905
-0.001114374298
-0.0011078752085
-0.0011013343680001
-0.001094752022
-0.0010881284190001
-0.0010814638085
-0.001074758442
-0.0010680125715
-0.0010612264515001
-0.0010544003385
-0.001047534489
-0.0010406291615001
-0.001033684617
-0.0010267011164999
-0.0010196789235
-0.001012618303
-0.0010055195205
-0.000998382844
-0.00099120854150003
-0.00098399688450002
-0.00097674814449999
-0.00096946259499997
-0.00096214050949994
-0.000954782165
-0.00094738783750004
-0.00093995780700007
-0.00093249235350001
-0.00092499175749994
-0.00091745630200002
-0.00090988627050004
-0.00090228195000008
-0.00089464362500002
-0.00088697158399997
-0.00087926611699995
-0.00087152751399999
-0.00086375606649991
-0.00085595206650002
-0.00084811580949995
-0.00084024758949997
-0.00083234770450002
-0.00082441645099995
-0.000816454129
-0.00080846103749999
-0.00080043747799996
-0.00079238375300006
-0.0007843001665
-0.00077618702250004
-0.00076804462650004
-0.00075987328599991
-0.00075167330900006
-0.00074344500399992
-0.00073518868150002
-0.00072690465250003
-0.00071859322950008
-0.00071025472450004
-0.00070188945350003
-0.00069349773099991
-0.00068507987249999
-0.00067663619650005
-0.00066816702100003
-0.00065967266400002
-0.00065115344650002
-0.00064260969000007
-0.00063404171550008
-0.00062544984650004
-0.00061683440649996
-0.00060819572050008
-0.00059953411400004
-0.00059084991300007
-0.00058214344550001
-0.0005734150390001
-0.00056466502249997
-0.0005558937265
-0.00054710148050008
-0.00053828861649996
-0.00052945546600003
-0.00052060236250007
-0.00051172964000001
-0.00050283763150005
-0.00049392667350001
-0.00048499710100003
-0.00047604925099998
-0.00046708346049995
-0.00045810006750002
-0.00044909940999993
-0.00044008182799993
-0.00043104766099999
-0.00042199724949998
-0.00041293093349992
-0.00040384905699997
-0.00039475196050009
-0.00038563998700003
-0.00037651348050005
-0.00036737278450005
-0.00035821824350002
-0.00034905020299991
-0.00033986900799998
-0.00033067500450001
-0.00032146853899995
-0.00031224995849999
-0.00030301961049994
-0.000293777843
-0.000284525004
-0.00027526144250001
-0.00026598750749995
-0.00025670354850005
-0.00024740991450001
-0.00023810695699999
-0.00022879502649997
-0.00021947447400006
-0.00021014564949995
-0.00020080890499996
-0.00019146459399999
-0.00018211306649996
-0.00017275467599998
-0.00016338977550001
-0.0001540187165
-0.00014464185399998
-0.00013525954050009
-0.00012587212949999
-0.00011647997450004
-0.00010708342999999
-9.7682850000003E-5
-8.8278588500024E-5
-7.8871000000036E-5
-6.9460439499958E-5
-6.0047261499996E-5
-5.063181999998E-5
-4.1214470499984E-5
-3.1795567499993E-5
-2.2375466999902E-5
-1.2954522500053E-5
-3.5330904999409E-6
5.8884749999377E-6
1.5309818499953E-5
2.4730584999966E-5
3.415041999999E-5
4.3568967500018E-5
5.2985873000067E-5
6.2400781999927E-5
7.1813338999971E-5
8.1223190000035E-5
9.0629979999979E-5
0.000100033354
0.00010943295849997
0.00011882843849997
0.00012821944050001
0.00013760561050002
0.00014698659500001
0.00015636203949998
0.00016573159199995
0.00017509489799994
0.00018445160549996
0.00019380136200009
0.00020314381450004
0.00021247861149998
0.00022180540100003
0.00023112383150004
0.00024043355149994
0.00024973421100005
0.00025902545900003
0.00026830694449997
0.00027757831950004
0.00028683923299999
0.00029608933650005
0.00030532828149998
0.00031455571999994
0.00032377130450001
0.000332974687
0.00034216552099997
0.00035134345999999
0.00036050815800004
0.00036965926999999
0.0003787964505001
0.00038791935649996
0.00039702764250005
0.00040612096650006
0.00041519898500009
0.00042426135599993
0.00043330773899997
0.00044233779150005
0.00045135117400008
0.00046034754750002
0.00046932657199994
0.00047828790900006
0.00048723122100003
0.00049615617150001
0.00050506242350001
0.00051394964200002
0.00052281749100003
0.00053166563749996
0.00054049374749998
0.00054930148749999
0.00055808852749994
0.00056685453500005
0.00057559918000005
0.00058432213199999
0.000593023064
0.00060170164649997
0.00061035755400007
0.00061899045899994
0.00062760003649998
0.00063618596199999
0.00064474791199998
0.00065328556400002
0.00066179859650006
0.00067028668800007
0.0006787495185
0.00068718677000001
0.00069559812449993
0.00070398326400001
0.00071234187250002
0.00072067363649997
0.00072897824000007
0.00073725537199998
0.00074550471899992
0.0007537259710001
0.00076191881800003
0.00077008295100001
0.0007782180625
0.00078632384600008
0.00079439999550002
0.00080244620750003
0.0008104621785
0.00081844760600003
0.00082640218899999
0.00083432562800001
0.00084221762500003
0.00085007788199998
0.00085790610250003
0.000865701991
0.00087346525550003
0.00088119560200006
0.00088889273949999
0.00089655637800001
0.00090418622900001
0.00091178200399999
0.00091934341800004
0.00092687018549997
0.00093436202249997
0.00094181864700005
0.00094923977749994
0.00095662513500006
0.00096397444100005
0.00097128741800001
0.00097856379149996
0.00098580328600006
0.00099300563000004
0.0010001705504999
0.001007297779
0.001014387046
0.001021438085
0.001028450629
0.0010354244155
0.0010423591800001
0.0010492546625001
0.0010561106025
0.0010629267415
0.0010697028219999
0.0010764385905
0.0010831337915
0.001089788174
0.001096401486
0.001102973479
0.0011095039044999
0.0011159925175001
0.001122439073
0.001128843328
0.0011352050405
0.0011415239725
0.0011477998835
0.001154032539
0.0011602217035001
0.001166367143
0.001172468627
0.001178525925
0.0011845388095
0.0011905070520001
0.001196430429
0.001202308718
0.0012081416955
0.001213929143
0.001219670842
0.0012253665765
0.0012310161315
0.0012366192934999
0.001242175853
0.001247685599
0.0012531483245
0.0012585638239999
0.0012639318925
0.001269252328
0.00127452493
0.001279749501
0.0012849258425
0.0012900537595
0.00129513306
0.001300163551
0.0013051450445
0.0013100773520001
0.0013149602875
0.0013197936665
0.001324577308
0.001329311031
0.0013339946575
0.001338628011
0.0013432109155
0.001347743201
0.001352224694
0.001356655227
0.001361034633
0.001365362747
0.001369639405
0.001373864447
0.0013780377125
0.0013821590455
0.0013862282905
0.001390245293
0.001394209903
0.00139812197
0.0014019813475
0.0014057878895
0.0014095414525
0.001413241895
0.001416889078
0.001420482864
0.001424023117
0.0014275097045
0.001430942494
0.001434321357
0.001437646165
0.0014409167945
0.001444133121
0.0014472950235
0.001450402383
0.001453455082
0.001456453006
0.001459396042
0.0014622840785
0.0014651170075
0.0014678947215
0.001470617116
0.0014732840885
0.0014758955385
0.0014784513675
0.001480951479
0.0014833957795
0.0014857841765
0.0014881165795
0.001490392901
0.0014926130555
0.001494776959
0.00149688453
0.0014989356885
0.001500930358
0.001502868464
0.0015047499315
0.001506574691
0.001508342673
0.001510053812
0.0015117080425
0.001513305302
0.0015148455315
0.001516328672
0.0015177546675
0.0015191234645
0.001520435011
0.001521689259
0.00152288616
0.0015240256685
0.0015251077435
0.0015261323415
0.00152709942625
0.0015280089603
0.0015288609093
0.0015296552413
0.0015303919264
0.00153107093675
0.00153169224685
0.00153225583325
0.0015327616747
0.0015332097521
0.00153360004865
0.0015339325496
0.0015342072424
0.00153442411675
0.00153458316435
0.001534684379375
0.0015347277579199
