114
-26
114
81
-159
-195
101
26
-125
21
-9
200
132
81
-104
152
-180
90
-173
-189
108
180
-48
193
30
156
-8
150
147
-176
-179
-188
-79
190
-39
-199
75
-128
-123
90
-176
-132
56
-95
3
25
188
-103
51
197
172
183
-12
-149
-72
-120
45
-25
-55
-2
-162
168
-30
122
-94
74
-30
70
61
-19
-175
174
132
200
-133
-83
41
-38
-132
80
9
28
-39
-155
-97
-123
-144
167
-123
-11
52
47
-84
12
49
133
37
199
79
-135
97
-25
-32
-180
-152
-84
50
-10
-48
-13
-20
55
-108
123
-81
-166
-29
-116
86
80
149
-135
-6
-7
-174
79
127
87
-151
-31
-1
-37
-96
96
-176
-28
-140
15
69
45
-147
66
-193
-138
-137
-175
171
118
80
-37
-9
42
-96
124
-67
-17
-104
175
-33
16
-197
-13
-196
-139
190
-104
-170
157
-92
-198
97
-197
-15
126
-171
-75
-109
173
-180
161
143
198
-174
107
186
49
-154
-62
92
-109
-170
-11
38
-81
18
-40
-72
-114
120
-10
-108
-53
136
-119
183
-84
-98
-37
-8
-139
-192
-27
100
169
27
-171
49
118
-192
-105
159
93
-18
131
170
-186
187
127
42
-173
26
-135
5
141
-135
-19
95
-173
200
58
-185
-121
-67
-34
-10
185
61
164
-59
-147
83
-182
156
159
-5
-28
59
93
75
9
2
-110
112
-147
-124
-174
-64
174
-42
120
-137
-51
-21
-12
138
7
148
69
192
-112
148
-52
53
122
126
-89
-149
36
91
185
-90
-168
190
144
-5
156
-97
-183
-131
32
-69
-101
46
-190
-36
88
-152
-127
31
-103
158
-146
-154
-68
184
-138
106
131
90
-194
-123
-143
-54
-7
17
-19
-93
-168
70
-150
129
-157
-141
12
-31
-167
130
-57
-104
53
10
-110
51
132
163
54
103
143
111
-127
26
151
112
-101
-131
122
-173
142
-156
-28
108
-80
-193
184
130
-45
86
-89
-18
23
79
-53
-57
-117
172
8
-43
-118
-15
-81
105
-86
143
195
-188
-50
14
149
189
189
-137
-105
-123
1
-188
152
-185
77
127
-39
-14
78
-156
17
86
108
0
44
185
-83
126
67
114
85
-34
100
126
56
189
71
-143
3
-157
164
86
36
50
121
-164
-142
-131
-29
197
-125
86
-33
-94
139
-92
-101
-10
98
186
86
-115
86
17
-185
-59
94
-144
122
-60
71
-14
76
144
-167
197
182
-181
-37
-8
-42
-27
64
19
-40
-195
-17
35
55
-59
-103
-96
-134
3
-97
3
94
66
1
25
-41
155
142
-156
-163
179
112
13
-168
39
191
72
-179
130
-90
2
76
118
136
-193
-99
-47
-91
-89
113
100
-17
15
-154
128
-132
102
-72
-104
-88
36
124
-24
-36
80
0
-80
186
-67
-30
-34
-36
188
49
48
68
144
-175
73
161
-107
139
-193
149
16
6
159
-142
-183
-144
182
-33
-144
-63
-9
74
-109
15
198
126
128
-127
44
176
152
-115
99
-28
24
-161
-181
33
-165
168
19
-93
127
-26
-4
-94
-77
-118
-151
-195
157
-93
111
-22
185
68
65
-158
85
79
32
-52
79
-11
-46
-54
-189
-15
64
-64
-86
94
-79
-72
-73
-59
137
98
167
50
-54
198
-72
-151
140
105
200
25
-31
104
35
-59
91
55
60
10
168
-67
108
-44
42
-6
70
-168
41
-138
-149
137
-183
70
192
-131
-74
-15
-145
124
-66
66
-57
125
-150
-190
-42
19
39
-159
-169
-85
64
24
-141
-11
85
-107
-158
-121
-1
-90
16
44
109
57
-173
114
-39
-16
-164
155
174
190
124
-46
47
-153
190
-38
-140
51
-7
121
-83
163
-36
41
-177
7
110
-25
160
97
-23
124
-93
-180
-114
-75
110
16
79
-46
-155
-11
-140
156
-29
-44
-116
46
-128
-178
75
-14
-149
174
31
-183
-156
185
123
98
-15
66
-60
89
138
195
-118
34
140
-153
158
-63
171
177
24
-65
193
-196
-191
160
-193
90
-154
-76
195
-179
-117
-85
-178
-197
-64
-178
197
-27
-161
97
98
84
-61
-23
46
-35
-194
32
159
-106
-189
-195
-129
12
104
-102
127
193
4
23
-35
181
102
189
-177
-62
110
117
26
16
-113
-79
-71
49
165
-179
49
36
197
-162
-96
104
-154
-92
165
35
33
24
-131
76
0
-56
-69
-42
-148
-13
-173
12
183
155
-104
-148
-41
177
27
-175
-52
10
-43
-174
40
20
96
50
-121
19
157
-32
143
187
-1
40
38
12
-76
141
-106
78
148
-94
-65
-125
157
-173
79
-111
165
31
-53
-193
101
-79
-128
88
-183
-70
6
-31
-173
19
33
-23
156
-116
-155
32
57
-141
-93
-156
164
-148
162
95
87
198
40
147
-112
42
-89
92
106
-58
-74
-108
65
46
-17
-167
-108
34
156
-96
-168
-174
-18
-130
53
-27
22
-143
-197
-69
-128
-115
-67
27
-54
151
-102
28
63
32
142
-27
13
70
-125
108
-103
132
2
22
127
73
-43
-172
116
186
-47
-41
-57
-76
-70
160
74
-143
-181
24
-110
-25
-92
90
-112
17
117
-6
-31
-146
-165
-22
-92
131
16
127
-93
93
174
-29
195
-85
175
-113
161
-67
-152
114
-51
-55
75
-119
-3
21
177
130
141
-162
127
91
-64
77
-110
-32
-75
-20
-60
124
-163
102
65
-103
39
-81
-116
61
152
12
35
-190
135
-191
-87
-32
-66
-81
41
-72
10
53
199
-137
-119
81
93
17
89
-37
190
-110
-13
-108
-7
124
-124
81
177
2
-56
59
-90
-192
7
-125
-199
-27
-85
-14
157
-158
-77
85
-146
141
-134
-67
-78
199
113
-51
-55
39
-84
28
171
-76
94
149
-7
-47
57
54
-89
21
-108
-4
120
-97
30
110
-138
-85
-171
39
191
-182
53
-181
-37
-25
-3
-98
-185
166
-157
-19
29
129
-179
169
32
136
-100
-4
-88
-10
-199
99
85
-19
-77
-173
119
-196
-166
72
-129
-12
107
37
153
-170
12
142
-59
-166
-193
-132
38
128
-40
-174
96
12
-70
-27
-36
14
125
-187
146
-180
115
51
-72
9
138
-22
-9
102
-65
79
199
-66
-74
107
143
126
81
137
93
-23
57
-177
107
-44
-147
171
-98
134
-22
42
148
23
73
79
148
-140
-28
-177
133
-130
-115
-96
-14
39
113
-179
-132
11
184
191
71
-107
-186
-182
189
73
-1
-7
184
187
-64
110
15
134
76
-41
-136
-61
79
198
4
-171
187
174
97
178
-155
-189
176
-100
-106
-65
62
170
-200
-111
-78
88
-95
-161
-35
-145
-105
56
38
196
-43
-64
143
-162
30
-113
-112
-52
-60
73
179
-181
-194
-184
92
-20
-155
-149
50
109
32
-144
101
154
33
131
45
143
-43
81
47
-65
-69
152
32
-118
148
145
88
75
-182
120
-190
156
-106
-174
13
-176
-125
-175
2
-163
139
138
-64
14
143
-117
159
196
192
23
102
-130
-95
-92
-163
54
-149
-31
68
103
74
-99
-86
158
40
-159
-114
-95
43
-2
-118
167
-34
-2
-86
-27
-197
46
-176
-149
133
-28
-122
49
9
-168
101
12
-121
-180
-5
-26
-197
165
-72
-93
72
200
147
-54
-191
-163
-164
-24
-30
35
-158
-130
67
-101
97
-148
-42
165
92
69
24
-78
157
-77
85
162
112
85
-26
-17
-30
26
199
-75
192
143
-87
32
122
115
-14
36
8
156
-26
113
-156
-150
130
170
45
-107
-71
-157
-16
-160
190
22
40
-9
-102
-171
43
-69
65
110
160
-99
115
169
-166
156
73
12
78
140
-124
34
78
133
169
85
-178
127
64
-25
-168
198
-103
-36
3
-53
117
-147
184
187
10
48
65
168
94
18
31
144
-153
153
12
151
94
-80
-112
-163
154
14
-135
198
70
-35
-25
96
144
2
-190
113
31
193
-11
-27
34
13
-27
-38
197
-66
118
-46
-190
-94
69
78
7
-1
-161
105
115
-44
193
-11
-113
198
-95
120
-28
144
-131
160
87
25
-15
194
-165
-170
100
29
29
-39
87
7
-182
17
-200
-100
-47
-143
15
-105
157
-75
-64
-117
-155
-172
-181
42
160
137
-57
-122
168
121
37
-188
-51
13
-123
-158
105
41
77
35
-27
159
9
-111
147
180
54
90
-122
5
-127
-128
141
10
39
-157
129
-20
63
-15
-87
-3
-29
36
-119
-99
190
-29
85
191
190
88
-198
197
-145
-174
77
81
115
-147
62
-151
35
-141
121
4
-94
-138
-101
189
-4
-173
79
-175
-189
33
125
-26
-169
19
-186
68
107
42
52
-62
38
-136
77
-83
90
-93
91
-93
-89
-192
-181
55
25
-139
128
26
-149
-37
-3
3
41
52
-156
23
-53
-29
71
110
172
181
158
-200
-63
-169
198
5
-8
23
-76
-188
139
137
181
156
-83
-165
-92
23
121
-152
-55
39
177
-137
70
51
97
116
24
-35
-161
-134
119
115
85
116
104
144
-127
199
5
-195
-11
115
-109
15
127
-151
-76
187
-101
89
-92
-104
-56
144
62
8
51
24
-165
-93
-137
103
-163
-173
120
-196
125
112
129
71
87
84
185
62
-133
110
61
-63
-101
-37
21
-5
-80
-50
190
200
111
-38
-190
-99
-64
-154
-148
-84
30
-53
151
-27
-168
-140
109
80
117
72
-186
66
-53
123
74
-135
61
-126
-27
-82
158
-89
-40
53
137
0
27
3
26
-49
-108
-32
155
56
16
1
-143
141
68
33
-81
-193
38
41
-199
-68
104
-102
-189
157
152
-70
17
39
56
19
93
150
-55
-166
-83
13
-48
8
-52
-41
-160
-84
132
140
75
-142
56
-31
-134
-110
-47
-185
-71
14
169
-133
25
48
139
-105
-67
134
86
-121
177
29
190
14
-179
-186
-71
-31
84
91
118
175
-49
-48
134
22
-117
-146
-101
128
31
-113
60
-100
-98
-159
174
-152
-146
120
-107
193
-6
170
-82
176
-103
-162
54
-160
-100
-66
-119
5
-136
-91
-131
-193
-182
-124
108
178
122
187
87
97
-70
-130
-73
165
-85
-58
-187
-127
-163
-120
-101
3
65
113
54
117
-49
-95
-181
-194
56
-130
181
-109
84
27
-38
-157
134
-144
38
149
106
-84
51
98
-112
97
-66
-10
-150
-78
175
30
-37
2
55
-93
179
0
179
-13
-27
45
10
-40
-152
-167
-123
23
-83
58
41
-24
-45
-57
-71
-128
150
145
-46
125
-148
158
152
85
-20
62
179
-62
-109
195
-41
-154
69
-92
-63
-3
-77
53
105
105
198
-110
-149
-20
169
37
171
184
57
-87
-82
74
-128
40
109
-32
-186
-130
-118
50
-70
-96
-131
51
45
-93
-145
-1
66
46
-80
-83
-125
47
186
135
-82
57
155
-23
147
-103
78
113
103
22
92
-57
119
-144
92
195
188
196
-70
82
117
-47
-175
134
-134
-28
-67
-149
