-1.22464679915e-16
-0.00314315906024
-0.00628628706772
-0.00942935297
-0.0125723257152
-0.0157151742525
-0.0188578675322
-0.022000374506
-0.0251426641277
-0.0282847053532
-0.0314264671406
-0.0345679184511
-0.0377090282488
-0.0408497655012
-0.0439900991794
-0.0471299982585
-0.0502694317181
-0.0534083685423
-0.0565467777198
-0.059684628245
-0.0628218891175
-0.0659585293428
-0.0690945179326
-0.0722298239049
-0.0753644162847
-0.0784982641036
-0.0816313364011
-0.084763602224
-0.0878950306272
-0.0910255906737
-0.0941552514353
-0.0972839819927
-0.100411751436
-0.103538528863
-0.106664283385
-0.109788984119
-0.112912600196
-0.116035100757
-0.119156454951
-0.122276631943
-0.125395600906
-0.128513331026
-0.131629791502
-0.134744951545
-0.13785878038
-0.140971247242
-0.144082321382
-0.147191972065
-0.150300168569
-0.153406880186
-0.156512076224
-0.159615726005
-0.162717798867
-0.165818264163
-0.168917091261
-0.172014249548
-0.175109708425
-0.17820343731
-0.181295405638
-0.184385582864
-0.187473938457
-0.190560441907
-0.193645062719
-0.196727770421
-0.199808534555
-0.202887324687
-0.205964110399
-0.209038861294
-0.212111546995
-0.215182137145
-0.21825060141
-0.221316909473
-0.224381031042
-0.227442935844
-0.230502593631
-0.233559974172
-0.236615047265
-0.239667782725
-0.242718150394
-0.245766120135
-0.248811661837
-0.25185474541
-0.254895340792
-0.257933417941
-0.260968946844
-0.264001897512
-0.26703223998
-0.270059944309
-0.273084980589
-0.276107318933
-0.279126929483
-0.282143782405
-0.285157847895
-0.288169096176
-0.291177497498
-0.29418302214
-0.297185640408
-0.300185322639
-0.303182039197
-0.306175760476
-0.3091664569
-0.312154098922
-0.315138657026
-0.318120101726
-0.321098403567
-0.324073533125
-0.327045461007
-0.330014157852
-0.332979594331
-0.335941741147
-0.338900569036
-0.341856048765
-0.344808151137
-0.347756846986
-0.350702107181
-0.353643902623
-0.35658220425
-0.359516983033
-0.362448209977
-0.365375856123
-0.368299892549
-0.371220290366
-0.374137020722
-0.377050054801
-0.379959363824
-0.382864919049
-0.38576669177
-0.388664653319
-0.391558775066
-0.394449028419
-0.397335384823
-0.400217815763
-0.403096292762
-0.405970787382
-0.408841271224
-0.411707715929
-0.414570093179
-0.417428374696
-0.420282532239
-0.423132537613
-0.42597836266
-0.428819979265
-0.431657359354
-0.434490474897
-0.437319297902
-0.440143800423
-0.442963954555
-0.445779732436
-0.448591106249
-0.451398048217
-0.454200530611
-0.456998525743
-0.45979200597
-0.462580943694
-0.465365311362
-0.468145081466
-0.470920226543
-0.473690719176
-0.476456531994
-0.479217637673
-0.481974008934
-0.484725618546
-0.487472439324
-0.490214444131
-0.492951605877
-0.495683897522
-0.49841129207
-0.501133762577
-0.503851282147
-0.506563823932
-0.509271361132
-0.511973867
-0.514671314836
-0.51736367799
-0.520050929864
-0.522733043908
-0.525409993626
-0.528081752569
-0.530748294342
-0.533409592603
-0.536065621057
-0.538716353465
-0.54136176364
-0.544001825445
-0.546636512799
-0.549265799672
-0.551889660088
-0.554508068125
-0.557120997915
-0.559728423642
-0.562330319548
-0.564926659926
-0.567517419126
-0.570102571553
-0.572682091667
-0.575255953984
-0.577824133075
-0.580386603567
-0.582943340146
-0.585494317551
-0.588039510581
-0.590578894091
-0.593112442992
-0.595640132255
-0.598161936906
-0.600677832033
-0.603187792779
-0.605691794348
-0.608189812001
-0.610681821058
-0.613167796901
-0.615647714969
-0.618121550762
-0.62058927984
-0.623050877822
-0.62550632039
-0.627955583285
-0.63039864231
-0.632835473328
-0.635266052265
-0.637690355107
-0.640108357905
-0.64252003677
-0.644925367875
-0.647324327457
-0.649716891816
-0.652103037314
-0.654482740378
-0.656855977496
-0.659222725224
-0.661582960179
-0.663936659042
-0.66628379856
-0.668624355546
-0.670958306876
-0.67328562949
-0.675606300397
-0.67792029667
-0.680227595448
-0.682528173935
-0.684822009403
-0.68710907919
-0.689389360702
-0.69166283141
-0.693929468854
-0.696189250639
-0.698442154442
-0.700688158004
-0.702927239136
-0.705159375718
-0.707384545696
-0.709602727087
-0.711813897977
-0.714018036521
-0.716215120943
-0.718405129536
-0.720588040665
-0.722763832764
-0.724932484337
-0.727093973959
-0.729248280276
-0.731395382003
-0.73353525793
-0.735667886914
-0.737793247887
-0.739911319852
-0.742022081882
-0.744125513125
-0.7462215928
-0.748310300198
-0.750391614685
-0.752465515699
-0.754531982749
-0.75659099542
-0.758642533371
-0.760686576334
-0.762723104113
-0.764752096591
-0.76677353372
-0.768787395531
-0.770793662127
-0.772792313687
-0.774783330467
-0.776766692796
-0.778742381078
-0.780710375797
-0.782670657507
-0.784623206845
-0.786568004518
-0.788505031313
-0.790434268094
-0.792355695801
-0.794269295451
-0.796175048138
-0.798072935036
-0.799962937393
-0.801845036538
-0.803719213876
-0.805585450892
-0.807443729148
-0.809294030285
-0.811136336023
-0.812970628161
-0.814796888578
-0.816615099231
-0.818425242157
-0.820227299472
-0.822021253374
-0.823807086139
-0.825584780124
-0.827354317766
-0.829115681583
-0.830868854173
-0.832613818218
-0.834350556476
-0.83607905179
-0.837799287083
-0.839511245361
-0.84121490971
-0.842910263299
-0.844597289378
-0.846275971281
-0.847946292423
-0.849608236302
-0.8512617865
-0.852906926679
-0.854543640588
-0.856171912055
-0.857791724994
-0.859403063404
-0.861005911363
-0.862600253038
-0.864186072676
-0.865763354612
-0.867332083261
-0.868892243126
-0.870443818794
-0.871986794935
-0.873521156306
-0.875046887748
-0.876563974188
-0.878072400637
-0.879572152193
-0.88106321404
-0.882545571447
-0.884019209768
-0.885484114444
-0.886940271005
-0.888387665062
-0.889826282317
-0.891256108558
-0.892677129657
-0.894089331577
-0.895492700364
-0.896887222156
-0.898272883174
-0.89964966973
-0.90101756822
-0.902376565132
-0.903726647038
-0.905067800601
-0.906400012571
-0.907723269786
-0.909037559174
-0.910342867749
-0.911639182616
-0.912926490968
-0.914204780088
-0.915474037345
-0.916734250202
-0.917985406206
-0.919227492999
-0.920460498308
-0.921684409952
-0.92289921584
-0.924104903969
-0.925301462429
-0.926488879398
-0.927667143145
-0.928836242028
-0.9299961645
-0.931146899098
-0.932288434456
-0.933420759295
-0.934543862429
-0.935657732762
-0.936762359289
-0.937857731097
-0.938943837365
-0.940020667362
-0.941088210451
-0.942146456083
-0.943195393805
-0.944235013253
-0.945265304157
-0.946286256337
-0.947297859707
-0.948300104274
-0.949292980135
-0.950276477481
-0.951250586596
-0.952215297857
-0.953170601732
-0.954116488783
-0.955052949666
-0.955979975129
-0.956897556014
-0.957805683254
-0.958704347879
-0.95959354101
-0.960473253862
-0.961343477745
-0.96220420406
-0.963055424304
-0.963897130068
-0.964729313036
-0.965551964987
-0.966365077793
-0.967168643421
-0.967962653932
-0.968747101481
-0.96952197832
-0.970287276793
-0.971042989338
-0.97178910849
-0.972525626877
-0.973252537223
-0.973969832347
-0.974677505162
-0.975375548677
-0.976063955995
-0.976742720315
-0.977411834931
-0.978071293234
-0.978721088707
-0.979361214931
-0.979991665583
-0.980612434433
-0.981223515349
-0.981824902293
-0.982416589324
-0.982998570597
-0.983570840361
-0.984133392964
-0.984686222848
-0.98522932455
-0.985762692705
-0.986286322044
-0.986800207394
-0.987304343677
-0.987798725914
-0.988283349219
-0.988758208806
-0.989223299982
-0.989678618153
-0.990124158821
-0.990559917583
-0.990985890135
-0.991402072269
-0.991808459872
-0.99220504893
-0.992591835525
-0.992968815836
-0.993335986137
-0.993693342802
-0.9940408823
-0.994378601198
-0.99470649616
-0.995024563944
-0.995332801411
-0.995631205513
-0.995919773304
-0.996198501932
-0.996467388643
-0.996726430781
-0.996975625788
-0.9972149712
-0.997444464653
-0.997664103881
-0.997873886713
-0.998073811076
-0.998263874996
-0.998444076594
-0.998614414091
-0.998774885804
-0.998925490146
-0.999066225631
-0.999197090868
-0.999318084564
-0.999429205524
-0.999530452649
-0.999621824941
-0.999703321495
-0.999774941506
-0.999836684268
-0.999888549171
-0.999930535701
-0.999962643443
-0.999984872082
-0.999997221397
-0.999999691266
-0.999992281665
-0.999974992667
-0.999947824443
-0.99991077726
-0.999863851486
-0.999807047584
-0.999740366115
-0.999663807737
-0.999577373208
-0.999481063381
-0.999374879207
-0.999258821736
-0.999132892114
-0.998997091585
-0.998851421491
-0.998695883272
-0.998530478463
-0.998355208699
-0.998170075711
-0.997975081328
-0.997770227478
-0.997555516183
-0.997330949565
-0.997096529843
-0.996852259332
-0.996598140446
-0.996334175695
-0.996060367687
-0.995776719128
-0.995483232819
-0.99517991166
-0.994866758648
-0.994543776876
-0.994210969535
-0.993868339914
-0.993515891397
-0.993153627466
-0.992781551701
-0.992399667777
-0.992007979467
-0.99160649064
-0.991195205264
-0.990774127401
-0.990343261212
-0.989902610952
-0.989452180977
-0.988991975735
-0.988521999773
-0.988042257735
-0.987552754359
-0.987053494482
-0.986544483037
-0.986025725052
-0.985497225652
-0.984958990059
-0.98441102359
-0.983853331658
-0.983285919773
-0.982708793542
-0.982121958665
-0.981525420941
-0.980919186262
-0.980303260619
-0.979677650095
-0.979042360873
-0.978397399228
-0.977742771531
-0.977078484251
-0.976404543951
-0.975720957288
-0.975027731015
-0.974324871982
-0.973612387133
-0.972890283506
-0.972158568236
-0.971417248551
-0.970666331775
-0.969905825327
-0.96913573672
-0.968356073563
-0.967566843558
-0.966768054502
-0.965959714287
-0.965141830899
-0.964314412418
-0.963477467018
-0.962631002969
-0.961775028632
-0.960909552464
-0.960034583016
-0.959150128933
-0.958256198951
-0.957352801902
-0.956439946713
-0.9555176424
-0.954585898076
-0.953644722947
-0.95269412631
-0.951734117556
-0.950764706171
-0.949785901732
-0.948797713908
-0.947800152462
-0.94679322725
-0.94577694822
-0.944751325411
-0.943716368957
-0.942672089083
-0.941618496105
-0.940555600432
-0.939483412565
-0.938401943096
-0.937311202711
-0.936211202185
-0.935101952385
-0.933983464271
-0.932855748892
-0.931718817389
-0.930572680996
-0.929417351034
-0.928252838918
-0.927079156154
-0.925896314335
-0.924704325149
-0.923503200371
-0.922292951868
-0.921073591596
-0.919845131602
-0.918607584023
-0.917360961085
-0.916105275104
-0.914840538485
-0.913566763724
-0.912283963404
-0.910992150199
-0.909691336871
-0.908381536272
-0.907062761342
-0.90573502511
-0.904398340693
-0.903052721296
-0.901698180215
-0.90033473083
-0.898962386612
-0.89758116112
-0.896191067998
-0.89479212098
-0.893384333888
-0.891967720629
-0.890542295199
-0.88910807168
-0.887665064242
-0.88621328714
-0.884752754718
-0.883283481405
-0.881805481716
-0.880318770253
-0.878823361705
-0.877319270844
-0.875806512532
-0.874285101712
-0.872755053416
-0.87121638276
-0.869669104945
-0.868113235257
-0.866548789068
-0.864975781833
-0.863394229093
-0.861804146473
-0.860205549681
-0.858598454512
-0.856982876843
-0.855358832634
-0.85372633793
-0.85208540886
-0.850436061634
-0.848778312549
-0.847112177981
-0.84543767439
-0.843754818321
-0.842063626398
-0.840364115331
-0.838656301908
-0.836940203003
-0.83521583557
-0.833483216644
-0.831742363343
-0.829993292866
-0.828236022492
-0.826470569582
-0.824696951578
-0.822915186003
-0.82112529046
-0.819327282631
-0.81752118028
-0.81570700125
-0.813884763465
-0.812054484927
-0.810216183718
-0.808369878
-0.806515586014
-0.804653326079
-0.802783116592
-0.800904976031
-0.799018922951
-0.797124975985
-0.795223153843
-0.793313475316
-0.79139595927
-0.789470624648
-0.787537490473
-0.785596575842
-0.78364789993
-0.78169148199
-0.77972734135
-0.777755497414
-0.775775969664
-0.773788777656
-0.771793941022
-0.769791479471
-0.767781412785
-0.765763760824
-0.763738543519
-0.761705780881
-0.75966549299
-0.757617700004
-0.755562422155
-0.753499679747
-0.751429493159
-0.749351882843
-0.747266869325
-0.745174473204
-0.743074715152
-0.740967615914
-0.738853196305
-0.736731477216
-0.734602479608
-0.732466224514
-0.73032273304
-0.728172026363
-0.726014125729
-0.723849052457
-0.721676827939
-0.719497473633
-0.717311011072
-0.715117461855
-0.712916847655
-0.710709190212
-0.708494511336
-0.706272832908
-0.704044176876
-0.701808565258
-0.699566020142
-0.697316563681
-0.695060218101
-0.692797005691
-0.690526948812
-0.68825006989
-0.685966391421
-0.683675935964
-0.68137872615
-0.679074784672
-0.676764134294
-0.674446797842
-0.672122798211
-0.669792158361
-0.667454901317
-0.66511105017
-0.662760628076
-0.660403658257
-0.658040163997
-0.655670168647
-0.653293695621
-0.650910768397
-0.648521410518
-0.646125645589
-0.643723497279
-0.64131498932
-0.638900145507
-0.636478989696
-0.634051545809
-0.631617837826
-0.629177889791
-0.626731725811
-0.624279370051
-0.62182084674
-0.619356180166
-0.616885394679
-0.61440851469
-0.611925564668
-0.609436569144
-0.606941552708
-0.604440540008
-0.601933555755
-0.599420624715
-0.596901771715
-0.59437702164
-0.591846399433
-0.589309930096
-0.586767638686
-0.584219550322
-0.581665690176
-0.579106083479
-0.576540755519
-0.573969731641
-0.571393037244
-0.568810697784
-0.566222738774
-0.563629185782
-0.561030064431
-0.558425400398
-0.555815219416
-0.553199547272
-0.550578409809
-0.54795183292
-0.545319842556
-0.54268246472
-0.540039725466
-0.537391650905
-0.534738267197
-0.532079600556
-0.52941567725
-0.526746523595
-0.524072165962
-0.521392630772
-0.518707944498
-0.516018133662
-0.513323224839
-0.510623244653
-0.507918219778
-0.505208176939
-0.502493142909
-0.499773144511
-0.497048208618
-0.49431836215
-0.491583632078
-0.488844045418
-0.486099629236
-0.483350410647
-0.480596416809
-0.477837674932
-0.475074212271
-0.472306056127
-0.469533233847
-0.466755772827
-0.463973700505
-0.461187044368
-0.458395831945
-0.455600090813
-0.452799848593
-0.449995132948
-0.447185971588
-0.444372392267
-0.44155442278
-0.438732090968
-0.435905424714
-0.433074451944
-0.430239200627
-0.427399698773
-0.424555974435
-0.421708055708
-0.418855970727
-0.41599974767
-0.413139414755
-0.410275000239
-0.407406532423
-0.404534039645
-0.401657550284
-0.398777092757
-0.395892695523
-0.393004387078
-0.390112195956
-0.387216150731
-0.384316280015
-0.381412612456
-0.378505176742
-0.375594001595
-0.372679115778
-0.369760548088
-0.366838327358
-0.363912482458
-0.360983042295
-0.35805003581
-0.355113491979
-0.352173439813
-0.34922990836
-0.346282926699
-0.343332523945
-0.340378729246
-0.337421571785
-0.334461080777
-0.331497285469
-0.328530215143
-0.325559899111
-0.322586366719
-0.319609647343
-0.316629770393
-0.313646765307
-0.310660661556
-0.307671488642
-0.304679276095
-0.301684053478
-0.298685850381
-0.295684696425
-0.29268062126
-0.289673654565
-0.286663826047
-0.283651165441
-0.280635702511
-0.277617467048
-0.27459648887
-0.271572797824
-0.268546423782
-0.265517396642
-0.262485746331
-0.259451502798
-0.256414696022
-0.253375356003
-0.250333512769
-0.247289196372
-0.244242436888
-0.241193264418
-0.238141709084
-0.235087801037
-0.232031570445
-0.228973047504
-0.22591226243
-0.222849245462
-0.21978402686
-0.216716636908
-0.21364710591
-0.210575464191
-0.207501742097
-0.204425969996
-0.201348178273
-0.198268397337
-0.195186657613
-0.192102989548
-0.189017423606
-0.185929990272
-0.182840720048
-0.179749643453
-0.176656791027
-0.173562193324
-0.170465880919
-0.1673678844
-0.164268234375
-0.161166961467
-0.158064096313
-0.15495966957
-0.151853711907
-0.148746254009
-0.145637326576
-0.142526960323
-0.139415185979
-0.136302034287
-0.133187536002
-0.130071721894
-0.126954622746
-0.123836269354
-0.120716692524
-0.117595923077
-0.114473991845
-0.111350929669
-0.108226767405
-0.105101535917
-0.101975266082
-0.0988479887849
-0.0957197349216
-0.0925905353978
-0.0894604211282
-0.0863294230368
-0.0831975720562
-0.0800648991273
-0.0769314351995
-0.0737972112295
-0.070662258182
-0.0675266070287
-0.064390288748
-0.0612533343251
-0.0581157747516
-0.0549776410248
-0.0518389641479
-0.0486997751294
-0.0455601049827
-0.0424199847262
-0.0392794453826
-0.0361385179787
-0.0329972335453
-0.0298556231166
-0.0267137177301
-0.0235715484262
-0.0204291462477
-0.0172865422401
-0.0141437674505
-0.011000852928
-0.00785782972277
-0.00471472888636
-0.00157158147092
0.00157158147092
0.00471472888636
0.00785782972277
0.011000852928
0.0141437674505
0.0172865422401
0.0204291462477
0.0235715484262
0.0267137177301
0.0298556231166
0.0329972335453
0.0361385179787
0.0392794453826
0.0424199847262
0.0455601049827
0.0486997751294
0.0518389641479
0.0549776410248
0.0581157747516
0.0612533343251
0.064390288748
0.0675266070287
0.070662258182
0.0737972112295
0.0769314351995
0.0800648991273
0.0831975720562
0.0863294230368
0.0894604211282
0.0925905353978
0.0957197349216
0.0988479887849
0.101975266082
0.105101535917
0.108226767405
0.111350929669
0.114473991845
0.117595923077
0.120716692524
0.123836269354
0.126954622746
0.130071721894
0.133187536002
0.136302034287
0.139415185979
0.142526960323
0.145637326576
0.148746254009
0.151853711907
0.15495966957
0.158064096313
0.161166961467
0.164268234375
0.1673678844
0.170465880919
0.173562193324
0.176656791027
0.179749643453
0.182840720048
0.185929990272
0.189017423606
0.192102989548
0.195186657613
0.198268397337
0.201348178273
0.204425969996
0.207501742097
0.210575464191
0.21364710591
0.216716636908
0.21978402686
0.222849245462
0.22591226243
0.228973047504
0.232031570445
0.235087801037
0.238141709084
0.241193264418
0.244242436888
0.247289196372
0.250333512769
0.253375356003
0.256414696022
0.259451502798
0.262485746331
0.265517396642
0.268546423782
0.271572797824
0.27459648887
0.277617467048
0.280635702511
0.283651165441
0.286663826047
0.289673654565
0.29268062126
0.295684696425
0.298685850381
0.301684053478
0.304679276095
0.307671488642
0.310660661556
0.313646765307
0.316629770393
0.319609647343
0.322586366719
0.325559899111
0.328530215143
0.331497285469
0.334461080777
0.337421571785
0.340378729246
0.343332523945
0.346282926699
0.34922990836
0.352173439813
0.355113491979
0.35805003581
0.360983042295
0.363912482458
0.366838327358
0.369760548088
0.372679115778
0.375594001595
0.378505176742
0.381412612456
0.384316280015
0.387216150731
0.390112195956
0.393004387078
0.395892695523
0.398777092757
0.401657550284
0.404534039645
0.407406532423
0.410275000239
0.413139414755
0.41599974767
0.418855970727
0.421708055708
0.424555974435
0.427399698773
0.430239200627
0.433074451944
0.435905424714
0.438732090968
0.44155442278
0.444372392267
0.447185971588
0.449995132948
0.452799848593
0.455600090813
0.458395831945
0.461187044368
0.463973700505
0.466755772827
0.469533233847
0.472306056127
0.475074212271
0.477837674932
0.480596416809
0.483350410647
0.486099629236
0.488844045418
0.491583632078
0.49431836215
0.497048208618
0.499773144511
0.502493142909
0.505208176939
0.507918219778
0.510623244653
0.513323224839
0.516018133662
0.518707944498
0.521392630772
0.524072165962
0.526746523595
0.52941567725
0.532079600556
0.534738267197
0.537391650905
0.540039725466
0.54268246472
0.545319842556
0.54795183292
0.550578409809
0.553199547272
0.555815219416
0.558425400398
0.561030064431
0.563629185782
0.566222738774
0.568810697784
0.571393037244
0.573969731641
0.576540755519
0.579106083479
0.581665690176
0.584219550322
0.586767638686
0.589309930096
0.591846399433
0.59437702164
0.596901771715
0.599420624715
0.601933555755
0.604440540008
0.606941552708
0.609436569144
0.611925564668
0.61440851469
0.616885394679
0.619356180166
0.62182084674
0.624279370051
0.626731725811
0.629177889791
0.631617837826
0.634051545809
0.636478989696
0.638900145507
0.64131498932
0.643723497279
0.646125645589
0.648521410518
0.650910768397
0.653293695621
0.655670168647
0.658040163997
0.660403658257
0.662760628076
0.66511105017
0.667454901317
0.669792158361
0.672122798211
0.674446797842
0.676764134294
0.679074784672
0.68137872615
0.683675935964
0.685966391421
0.68825006989
0.690526948812
0.692797005691
0.695060218101
0.697316563681
0.699566020142
0.701808565258
0.704044176876
0.706272832908
0.708494511336
0.710709190212
0.712916847655
0.715117461855
0.717311011072
0.719497473633
0.721676827939
0.723849052457
0.726014125729
0.728172026363
0.73032273304
0.732466224514
0.734602479608
0.736731477216
0.738853196305
0.740967615914
0.743074715152
0.745174473204
0.747266869325
0.749351882843
0.751429493159
0.753499679747
0.755562422155
0.757617700004
0.75966549299
0.761705780881
0.763738543519
0.765763760824
0.767781412785
0.769791479471
0.771793941022
0.773788777656
0.775775969664
0.777755497414
0.77972734135
0.78169148199
0.78364789993
0.785596575842
0.787537490473
0.789470624648
0.79139595927
0.793313475316
0.795223153843
0.797124975985
0.799018922951
0.800904976031
0.802783116592
0.804653326079
0.806515586014
0.808369878
0.810216183718
0.812054484927
0.813884763465
0.81570700125
0.81752118028
0.819327282631
0.82112529046
0.822915186003
0.824696951578
0.826470569582
0.828236022492
0.829993292866
0.831742363343
0.833483216644
0.83521583557
0.836940203003
0.838656301908
0.840364115331
0.842063626398
0.843754818321
0.84543767439
0.847112177981
0.848778312549
0.850436061634
0.85208540886
0.85372633793
0.855358832634
0.856982876843
0.858598454512
0.860205549681
0.861804146473
0.863394229093
0.864975781833
0.866548789068
0.868113235257
0.869669104945
0.87121638276
0.872755053416
0.874285101712
0.875806512532
0.877319270844
0.878823361705
0.880318770253
0.881805481716
0.883283481405
0.884752754718
0.88621328714
0.887665064242
0.88910807168
0.890542295199
0.891967720629
0.893384333888
0.89479212098
0.896191067998
0.89758116112
0.898962386612
0.90033473083
0.901698180215
0.903052721296
0.904398340693
0.90573502511
0.907062761342
0.908381536272
0.909691336871
0.910992150199
0.912283963404
0.913566763724
0.914840538485
0.916105275104
0.917360961085
0.918607584023
0.919845131602
0.921073591596
0.922292951868
0.923503200371
0.924704325149
0.925896314335
0.927079156154
0.928252838918
0.929417351034
0.930572680996
0.931718817389
0.932855748892
0.933983464271
0.935101952385
0.936211202185
0.937311202711
0.938401943096
0.939483412565
0.940555600432
0.941618496105
0.942672089083
0.943716368957
0.944751325411
0.94577694822
0.94679322725
0.947800152462
0.948797713908
0.949785901732
0.950764706171
0.951734117556
0.95269412631
0.953644722947
0.954585898076
0.9555176424
0.956439946713
0.957352801902
0.958256198951
0.959150128933
0.960034583016
0.960909552464
0.961775028632
0.962631002969
0.963477467018
0.964314412418
0.965141830899
0.965959714287
0.966768054502
0.967566843558
0.968356073563
0.96913573672
0.969905825327
0.970666331775
0.971417248551
0.972158568236
0.972890283506
0.973612387133
0.974324871982
0.975027731015
0.975720957288
0.976404543951
0.977078484251
0.977742771531
0.978397399228
0.979042360873
0.979677650095
0.980303260619
0.980919186262
0.981525420941
0.982121958665
0.982708793542
0.983285919773
0.983853331658
0.98441102359
0.984958990059
0.985497225652
0.986025725052
0.986544483037
0.987053494482
0.987552754359
0.988042257735
0.988521999773
0.988991975735
0.989452180977
0.989902610952
0.990343261212
0.990774127401
0.991195205264
0.99160649064
0.992007979467
0.992399667777
0.992781551701
0.993153627466
0.993515891397
0.993868339914
0.994210969535
0.994543776876
0.994866758648
0.99517991166
0.995483232819
0.995776719128
0.996060367687
0.996334175695
0.996598140446
0.996852259332
0.997096529843
0.997330949565
0.997555516183
0.997770227478
0.997975081328
0.998170075711
0.998355208699
0.998530478463
0.998695883272
0.998851421491
0.998997091585
0.999132892114
0.999258821736
0.999374879207
0.999481063381
0.999577373208
0.999663807737
0.999740366115
0.999807047584
0.999863851486
0.99991077726
0.999947824443
0.999974992667
0.999992281665
0.999999691266
0.999997221397
0.999984872082
0.999962643443
0.999930535701
0.999888549171
0.999836684268
0.999774941506
0.999703321495
0.999621824941
0.999530452649
0.999429205524
0.999318084564
0.999197090868
0.999066225631
0.998925490146
0.998774885804
0.998614414091
0.998444076594
0.998263874996
0.998073811076
0.997873886713
0.997664103881
0.997444464653
0.9972149712
0.996975625788
0.996726430781
0.996467388643
0.996198501932
0.995919773304
0.995631205513
0.995332801411
0.995024563944
0.99470649616
0.994378601198
0.9940408823
0.993693342802
0.993335986137
0.992968815836
0.992591835525
0.99220504893
0.991808459872
0.991402072269
0.990985890135
0.990559917583
0.990124158821
0.989678618153
0.989223299982
0.988758208806
0.988283349219
0.987798725914
0.987304343677
0.986800207394
0.986286322044
0.985762692705
0.98522932455
0.984686222848
0.984133392964
0.983570840361
0.982998570597
0.982416589324
0.981824902293
0.981223515349
0.980612434433
0.979991665583
0.979361214931
0.978721088707
0.978071293234
0.977411834931
0.976742720315
0.976063955995
0.975375548677
0.974677505162
0.973969832347
0.973252537223
0.972525626877
0.97178910849
0.971042989338
0.970287276793
0.96952197832
0.968747101481
0.967962653932
0.967168643421
0.966365077793
0.965551964987
0.964729313036
0.963897130068
0.963055424304
0.96220420406
0.961343477745
0.960473253862
0.95959354101
0.958704347879
0.957805683254
0.956897556014
0.955979975129
0.955052949666
0.954116488783
0.953170601732
0.952215297857
0.951250586596
0.950276477481
0.949292980135
0.948300104274
0.947297859707
0.946286256337
0.945265304157
0.944235013253
0.943195393805
0.942146456083
0.941088210451
0.940020667362
0.938943837365
0.937857731097
0.936762359289
0.935657732762
0.934543862429
0.933420759295
0.932288434456
0.931146899098
0.9299961645
0.928836242028
0.927667143145
0.926488879398
0.925301462429
0.924104903969
0.92289921584
0.921684409952
0.920460498308
0.919227492999
0.917985406206
0.916734250202
0.915474037345
0.914204780088
0.912926490968
0.911639182616
0.910342867749
0.909037559174
0.907723269786
0.906400012571
0.905067800601
0.903726647038
0.902376565132
0.90101756822
0.89964966973
0.898272883174
0.896887222156
0.895492700364
0.894089331577
0.892677129657
0.891256108558
0.889826282317
0.888387665062
0.886940271005
0.885484114444
0.884019209768
0.882545571447
0.88106321404
0.879572152193
0.878072400637
0.876563974188
0.875046887748
0.873521156306
0.871986794935
0.870443818794
0.868892243126
0.867332083261
0.865763354612
0.864186072676
0.862600253038
0.861005911363
0.859403063404
0.857791724994
0.856171912055
0.854543640588
0.852906926679
0.8512617865
0.849608236302
0.847946292423
0.846275971281
0.844597289378
0.842910263299
0.84121490971
0.839511245361
0.837799287083
0.83607905179
0.834350556476
0.832613818218
0.830868854173
0.829115681583
0.827354317766
0.825584780124
0.823807086139
0.822021253374
0.820227299472
0.818425242157
0.816615099231
0.814796888578
0.812970628161
0.811136336023
0.809294030285
0.807443729148
0.805585450892
0.803719213876
0.801845036538
0.799962937393
0.798072935036
0.796175048138
0.794269295451
0.792355695801
0.790434268094
0.788505031313
0.786568004518
0.784623206845
0.782670657507
0.780710375797
0.778742381078
0.776766692796
0.774783330467
0.772792313687
0.770793662127
0.768787395531
0.76677353372
0.764752096591
0.762723104113
0.760686576334
0.758642533371
0.75659099542
0.754531982749
0.752465515699
0.750391614685
0.748310300198
0.7462215928
0.744125513125
0.742022081882
0.739911319852
0.737793247887
0.735667886914
0.73353525793
0.731395382003
0.729248280276
0.727093973959
0.724932484337
0.722763832764
0.720588040665
0.718405129536
0.716215120943
0.714018036521
0.711813897977
0.709602727087
0.707384545696
0.705159375718
0.702927239136
0.700688158004
0.698442154442
0.696189250639
0.693929468854
0.69166283141
0.689389360702
0.68710907919
0.684822009403
0.682528173935
0.680227595448
0.67792029667
0.675606300397
0.67328562949
0.670958306876
0.668624355546
0.66628379856
0.663936659042
0.661582960179
0.659222725224
0.656855977496
0.654482740378
0.652103037314
0.649716891816
0.647324327457
0.644925367875
0.64252003677
0.640108357905
0.637690355107
0.635266052265
0.632835473328
0.63039864231
0.627955583285
0.62550632039
0.623050877822
0.62058927984
0.618121550762
0.615647714969
0.613167796901
0.610681821058
0.608189812001
0.605691794348
0.603187792779
0.600677832033
0.598161936906
0.595640132255
0.593112442992
0.590578894091
0.588039510581
0.585494317551
0.582943340146
0.580386603567
0.577824133075
0.575255953984
0.572682091667
0.570102571553
0.567517419126
0.564926659926
0.562330319548
0.559728423642
0.557120997915
0.554508068125
0.551889660088
0.549265799672
0.546636512799
0.544001825445
0.54136176364
0.538716353465
0.536065621057
0.533409592603
0.530748294342
0.528081752569
0.525409993626
0.522733043908
0.520050929864
0.51736367799
0.514671314836
0.511973867
0.509271361132
0.506563823932
0.503851282147
0.501133762577
0.49841129207
0.495683897522
0.492951605877
0.490214444131
0.487472439324
0.484725618546
0.481974008934
0.479217637673
0.476456531994
0.473690719176
0.470920226543
0.468145081466
0.465365311362
0.462580943694
0.45979200597
0.456998525743
0.454200530611
0.451398048217
0.448591106249
0.445779732436
0.442963954555
0.440143800423
0.437319297902
0.434490474897
0.431657359354
0.428819979265
0.42597836266
0.423132537613
0.420282532239
0.417428374696
0.414570093179
0.411707715929
0.408841271224
0.405970787382
0.403096292762
0.400217815763
0.397335384823
0.394449028419
0.391558775066
0.388664653319
0.38576669177
0.382864919049
0.379959363824
0.377050054801
0.374137020722
0.371220290366
0.368299892549
0.365375856123
0.362448209977
0.359516983033
0.35658220425
0.353643902623
0.350702107181
0.347756846986
0.344808151137
0.341856048765
0.338900569036
0.335941741147
0.332979594331
0.330014157852
0.327045461007
0.324073533125
0.321098403567
0.318120101726
0.315138657026
0.312154098922
0.3091664569
0.306175760476
0.303182039197
0.300185322639
0.297185640408
0.29418302214
0.291177497498
0.288169096176
0.285157847895
0.282143782405
0.279126929483
0.276107318933
0.273084980589
0.270059944309
0.26703223998
0.264001897512
0.260968946844
0.257933417941
0.254895340792
0.25185474541
0.248811661837
0.245766120135
0.242718150394
0.239667782725
0.236615047265
0.233559974172
0.230502593631
0.227442935844
0.224381031042
0.221316909473
0.21825060141
0.215182137145
0.212111546995
0.209038861294
0.205964110399
0.202887324687
0.199808534555
0.196727770421
0.193645062719
0.190560441907
0.187473938457
0.184385582864
0.181295405638
0.17820343731
0.175109708425
0.172014249548
0.168917091261
0.165818264163
0.162717798867
0.159615726005
0.156512076224
0.153406880186
0.150300168569
0.147191972065
0.144082321382
0.140971247242
0.13785878038
0.134744951545
0.131629791502
0.128513331026
0.125395600906
0.122276631943
0.119156454951
0.116035100757
0.112912600196
0.109788984119
0.106664283385
0.103538528863
0.100411751436
0.0972839819927
0.0941552514353
0.0910255906737
0.0878950306272
0.084763602224
0.0816313364011
0.0784982641036
0.0753644162847
0.0722298239049
0.0690945179326
0.0659585293428
0.0628218891175
0.059684628245
0.0565467777198
0.0534083685423
0.0502694317181
0.0471299982585
0.0439900991794
0.0408497655012
0.0377090282488
0.0345679184511
0.0314264671406
0.0282847053532
0.0251426641277
0.022000374506
0.0188578675322
0.0157151742525
0.0125723257152
0.00942935297
0.00628628706772
0.00314315906024
1.22464679915e-16
